0 0.307 0.109 0.192 0.029
7 0.319 0.160 0.215 0.031
0 0.377 0.160 0.099 0.021
7 0.326 0.230 0.227 0.030
0 0.382 0.230 0.115 0.022
7 0.366 0.300 0.308 0.031
0 0.423 0.300 0.195 0.022
7 0.321 0.370 0.216 0.031
0 0.377 0.370 0.104 0.022
7 0.310 0.441 0.196 0.032
0 0.366 0.443 0.084 0.027
7 0.344 0.510 0.262 0.031
0 0.400 0.511 0.150 0.021
7 0.362 0.581 0.299 0.032
0 0.419 0.584 0.187 0.026
7 0.351 0.651 0.277 0.031
0 0.407 0.652 0.166 0.021
7 0.351 0.721 0.277 0.031
0 0.407 0.722 0.165 0.021
7 0.326 0.792 0.229 0.032
0 0.383 0.795 0.115 0.026
7 0.314 0.861 0.204 0.031
0 0.372 0.861 0.088 0.021
0 0.744 0.936 0.046 0.017
0 0.571 0.936 0.130 0.017
4 0.500 0.018 0.999 0.035
