0 0.129 0.979 0.080 0.017
0 0.376 0.979 0.148 0.018
0 0.626 0.979 0.174 0.017
0 0.876 0.979 0.167 0.017
1 0.876 0.947 0.044 0.032
2 0.574 0.715 0.067 0.040
2 0.748 0.633 0.485 0.164
2 0.081 0.714 0.063 0.039
2 0.253 0.632 0.487 0.165
2 0.577 0.358 0.065 0.039
2 0.749 0.276 0.483 0.165
2 0.081 0.358 0.063 0.039
2 0.254 0.276 0.485 0.165
2 0.376 0.946 0.056 0.033
2 0.625 0.946 0.054 0.032
1 0.126 0.945 0.052 0.027
0 0.602 0.866 0.115 0.016
0 0.107 0.866 0.115 0.016
0 0.631 0.785 0.176 0.021
0 0.180 0.785 0.263 0.017
0 0.645 0.756 0.209 0.026
0 0.170 0.754 0.237 0.021
0 0.602 0.509 0.115 0.016
0 0.107 0.509 0.115 0.016
0 0.681 0.429 0.272 0.017
0 0.128 0.431 0.163 0.021
0 0.703 0.400 0.317 0.026
0 0.181 0.400 0.261 0.026
0 0.833 0.153 0.096 0.017
0 0.501 0.153 0.165 0.017
0 0.169 0.153 0.144 0.017
0 0.299 0.077 0.246 0.027
1 0.941 0.076 0.044 0.028
1 0.069 0.077 0.050 0.022
4 0.501 0.019 0.998 0.036
