1 0.069 0.077 0.041 0.024
0 0.401 0.112 0.381 0.035
7 0.398 0.166 0.371 0.031
0 0.455 0.166 0.257 0.024
7 0.398 0.236 0.371 0.031
0 0.455 0.237 0.257 0.024
7 0.338 0.307 0.252 0.034
0 0.394 0.309 0.139 0.030
7 0.389 0.378 0.352 0.034
0 0.445 0.380 0.240 0.030
7 0.321 0.446 0.216 0.031
0 0.377 0.448 0.103 0.023
7 0.373 0.516 0.320 0.031
0 0.431 0.517 0.205 0.025
7 0.409 0.586 0.394 0.031
0 0.467 0.588 0.277 0.025
7 0.386 0.657 0.348 0.031
0 0.444 0.658 0.232 0.025
7 0.413 0.729 0.402 0.034
0 0.471 0.731 0.286 0.030
7 0.363 0.799 0.303 0.035
0 0.422 0.802 0.186 0.030
7 0.375 0.869 0.325 0.035
0 0.433 0.872 0.208 0.031
0 0.563 0.936 0.148 0.019
0 0.744 0.936 0.052 0.019
4 0.500 0.018 0.999 0.035
