0 0.897 0.683 0.135 0.021
0 0.232 0.681 0.183 0.018
0 0.171 0.595 0.069 0.017
0 0.413 0.593 0.237 0.018
0 0.211 0.506 0.144 0.018
0 0.181 0.418 0.083 0.018
0 0.202 0.332 0.126 0.016
1 0.247 0.596 0.031 0.010
0 0.501 0.952 0.602 0.049
3 0.501 0.876 0.924 0.075
1 0.070 0.681 0.048 0.028
5 0.550 0.690 0.830 0.036
2 0.070 0.591 0.030 0.028
5 0.626 0.602 0.670 0.036
5 0.172 0.603 0.074 0.033
1 0.069 0.504 0.035 0.027
5 0.549 0.515 0.828 0.036
1 0.070 0.416 0.044 0.022
5 0.548 0.427 0.826 0.036
1 0.070 0.328 0.044 0.026
5 0.548 0.341 0.826 0.033
0 0.501 0.268 0.035 0.013
3 0.501 0.178 0.924 0.075
0 0.190 0.077 0.176 0.022
1 0.063 0.077 0.030 0.028
4 0.501 0.019 0.998 0.036
