0 0.256 0.105 0.394 0.036
1 0.893 0.103 0.052 0.029
0 0.403 0.198 0.692 0.065
7 0.333 0.281 0.544 0.031
0 0.384 0.282 0.444 0.029
7 0.345 0.358 0.568 0.038
0 0.396 0.359 0.466 0.036
7 0.213 0.427 0.305 0.031
0 0.264 0.428 0.203 0.029
7 0.227 0.500 0.332 0.032
0 0.277 0.501 0.232 0.030
7 0.191 0.573 0.259 0.032
0 0.241 0.575 0.158 0.029
7 0.229 0.647 0.335 0.031
0 0.279 0.648 0.234 0.028
7 0.398 0.723 0.674 0.038
0 0.448 0.724 0.574 0.036
7 0.182 0.792 0.243 0.032
0 0.232 0.794 0.143 0.029
3 0.500 0.916 0.879 0.096
4 0.500 0.018 0.999 0.035
