0 0.181 0.163 0.117 0.026
7 0.267 0.230 0.274 0.029
0 0.323 0.230 0.161 0.022
7 0.239 0.300 0.219 0.029
0 0.293 0.300 0.111 0.021
7 0.258 0.370 0.261 0.030
0 0.316 0.370 0.146 0.022
7 0.249 0.440 0.239 0.030
0 0.304 0.439 0.130 0.022
7 0.232 0.511 0.206 0.031
0 0.289 0.513 0.093 0.027
7 0.244 0.581 0.228 0.029
0 0.300 0.580 0.115 0.021
7 0.263 0.651 0.267 0.029
0 0.319 0.651 0.156 0.021
7 0.269 0.720 0.280 0.029
0 0.325 0.720 0.169 0.022
7 0.293 0.790 0.326 0.029
0 0.349 0.790 0.213 0.022
0 0.831 0.879 0.050 0.019
4 0.501 0.019 0.998 0.036
