0 0.114 0.851 0.147 0.017
0 0.115 0.773 0.144 0.018
0 0.168 0.696 0.254 0.019
0 0.087 0.620 0.095 0.018
0 0.130 0.542 0.181 0.018
0 0.110 0.465 0.137 0.017
0 0.126 0.387 0.172 0.019
0 0.102 0.310 0.121 0.018
0 0.078 0.235 0.077 0.022
0 0.835 0.978 0.055 0.014
0 0.501 0.978 0.142 0.015
0 0.169 0.976 0.074 0.017
1 0.833 0.947 0.061 0.035
2 0.501 0.947 0.059 0.035
2 0.168 0.945 0.060 0.036
0 0.132 0.158 0.187 0.025
0 0.263 0.077 0.231 0.023
1 0.932 0.077 0.057 0.034
1 0.067 0.076 0.041 0.024
4 0.500 0.018 0.999 0.035
