2 0.389 0.208 0.134 0.058
0 0.388 0.137 0.470 0.033
0 0.256 0.317 0.162 0.017
0 0.306 0.389 0.260 0.022
0 0.246 0.457 0.139 0.017
0 0.262 0.528 0.171 0.018
0 0.282 0.599 0.212 0.022
0 0.248 0.668 0.144 0.018
0 0.299 0.740 0.245 0.023
0 0.239 0.831 0.126 0.021
0 0.221 0.890 0.093 0.018
1 0.069 0.890 0.038 0.023
1 0.069 0.828 0.038 0.023
1 0.069 0.738 0.042 0.033
2 0.069 0.668 0.046 0.028
1 0.069 0.597 0.060 0.025
2 0.070 0.526 0.053 0.033
1 0.069 0.456 0.051 0.030
1 0.069 0.387 0.045 0.032
1 0.069 0.316 0.042 0.031
4 0.500 0.018 0.999 0.035
