1 0.069 0.077 0.042 0.025
0 0.261 0.080 0.170 0.029
7 0.494 0.160 0.904 0.028
0 0.163 0.162 0.242 0.024
7 0.493 0.242 0.906 0.028
0 0.123 0.245 0.167 0.023
7 0.494 0.324 0.904 0.027
0 0.205 0.324 0.326 0.020
7 0.493 0.406 0.905 0.028
0 0.183 0.408 0.285 0.024
0 0.133 0.483 0.185 0.023
0 0.085 0.518 0.088 0.016
7 0.493 0.589 0.906 0.028
0 0.207 0.591 0.334 0.024
7 0.493 0.670 0.906 0.027
0 0.267 0.671 0.454 0.020
7 0.494 0.753 0.904 0.028
0 0.332 0.755 0.581 0.025
0 0.076 0.830 0.071 0.014
0 0.276 0.901 0.471 0.024
0 0.188 0.978 0.294 0.024
4 0.500 0.018 0.999 0.035
