0 0.239 0.216 0.360 0.016
1 0.949 0.571 0.015 0.014
1 0.240 0.571 0.050 0.018
1 0.952 0.295 0.039 0.024
1 0.912 0.966 0.045 0.030
2 0.706 0.967 0.048 0.029
1 0.501 0.967 0.050 0.031
1 0.294 0.967 0.042 0.025
1 0.087 0.967 0.025 0.024
0 0.792 0.900 0.187 0.013
0 0.138 0.902 0.140 0.015
0 0.849 0.841 0.302 0.050
0 0.304 0.841 0.470 0.050
2 0.834 0.701 0.331 0.190
2 0.340 0.701 0.602 0.191
0 0.901 0.572 0.072 0.016
0 0.115 0.573 0.150 0.024
2 0.828 0.448 0.269 0.118
0 0.359 0.431 0.640 0.080
2 0.093 0.357 0.096 0.033
0 0.219 0.367 0.109 0.012
0 0.219 0.347 0.106 0.013
0 0.707 0.295 0.111 0.017
0 0.501 0.295 0.179 0.017
0 0.279 0.297 0.150 0.020
0 0.088 0.297 0.112 0.021
0 0.860 0.295 0.070 0.017
5 0.500 0.215 0.923 0.074
0 0.501 0.120 0.252 0.053
1 0.946 0.077 0.013 0.026
4 0.500 0.018 0.999 0.035
