0 0.225 0.077 0.360 0.017
1 0.059 0.298 0.038 0.014
1 0.060 0.859 0.038 0.014
1 0.912 0.966 0.044 0.029
2 0.707 0.967 0.047 0.028
1 0.500 0.967 0.049 0.030
1 0.294 0.967 0.041 0.025
1 0.087 0.967 0.023 0.024
2 0.845 0.924 0.231 0.020
0 0.187 0.859 0.092 0.009
0 0.092 0.858 0.027 0.012
2 0.846 0.812 0.232 0.109
0 0.347 0.797 0.619 0.052
0 0.740 0.690 0.083 0.010
0 0.153 0.690 0.167 0.016
0 0.843 0.627 0.291 0.046
0 0.340 0.629 0.544 0.050
2 0.825 0.489 0.303 0.189
2 0.340 0.489 0.601 0.191
0 0.168 0.362 0.250 0.018
0 0.216 0.298 0.151 0.016
0 0.094 0.297 0.026 0.012
2 0.846 0.251 0.232 0.109
0 0.363 0.237 0.647 0.051
0 0.833 0.145 0.112 0.017
0 0.658 0.145 0.111 0.017
0 0.452 0.146 0.177 0.016
0 0.230 0.148 0.148 0.020
0 0.048 0.150 0.094 0.017
1 0.951 0.145 0.038 0.023
5 0.459 0.077 0.869 0.054
1 0.947 0.077 0.012 0.025
4 0.500 0.018 0.999 0.035
