0 0.240 0.216 0.360 0.017
1 0.059 0.448 0.038 0.014
1 0.060 0.604 0.038 0.014
1 0.059 0.760 0.039 0.014
1 0.059 0.916 0.038 0.014
1 0.913 0.966 0.044 0.030
2 0.706 0.967 0.048 0.028
1 0.501 0.967 0.050 0.031
1 0.295 0.966 0.042 0.027
1 0.087 0.967 0.024 0.025
0 0.214 0.916 0.149 0.016
0 0.092 0.915 0.028 0.012
2 0.845 0.869 0.231 0.108
0 0.340 0.853 0.601 0.047
0 0.238 0.760 0.196 0.011
0 0.093 0.758 0.028 0.012
2 0.845 0.713 0.231 0.109
0 0.347 0.698 0.611 0.025
0 0.234 0.603 0.189 0.016
0 0.093 0.603 0.027 0.012
2 0.845 0.556 0.231 0.108
0 0.352 0.540 0.629 0.076
0 0.215 0.446 0.153 0.013
0 0.093 0.446 0.028 0.012
2 0.845 0.400 0.231 0.108
0 0.326 0.385 0.572 0.080
0 0.825 0.295 0.119 0.018
0 0.452 0.295 0.091 0.017
0 0.276 0.295 0.073 0.017
0 0.081 0.295 0.160 0.017
1 0.951 0.295 0.040 0.023
0 0.638 0.295 0.137 0.017
5 0.501 0.215 0.922 0.074
0 0.501 0.119 0.253 0.052
1 0.947 0.077 0.015 0.026
4 0.500 0.018 0.999 0.035
