1 0.913 0.966 0.044 0.030
1 0.951 0.064 0.039 0.023
2 0.706 0.967 0.048 0.029
1 0.500 0.966 0.050 0.031
1 0.294 0.967 0.041 0.026
1 0.087 0.967 0.023 0.025
2 0.827 0.802 0.268 0.118
0 0.343 0.787 0.603 0.084
0 0.206 0.722 0.083 0.012
0 0.218 0.702 0.106 0.013
2 0.092 0.711 0.097 0.033
2 0.827 0.589 0.268 0.118
0 0.361 0.560 0.644 0.055
0 0.206 0.508 0.083 0.013
0 0.218 0.489 0.108 0.014
2 0.093 0.498 0.097 0.033
2 0.827 0.377 0.268 0.116
0 0.294 0.347 0.509 0.055
0 0.211 0.296 0.094 0.013
0 0.218 0.276 0.107 0.014
2 0.093 0.285 0.097 0.033
2 0.827 0.163 0.268 0.117
0 0.315 0.148 0.550 0.085
0 0.708 0.064 0.112 0.018
0 0.501 0.064 0.179 0.018
0 0.279 0.066 0.149 0.021
0 0.088 0.066 0.112 0.021
0 0.864 0.063 0.077 0.018
4 0.500 0.018 0.999 0.035
