0 0.240 0.216 0.361 0.017
2 0.500 0.918 0.999 0.033
1 0.913 0.966 0.044 0.030
1 0.951 0.295 0.040 0.024
5 0.501 0.215 0.922 0.074
2 0.706 0.967 0.048 0.028
1 0.294 0.969 0.041 0.029
1 0.087 0.967 0.023 0.024
1 0.500 0.966 0.050 0.031
2 0.074 0.824 0.099 0.060
0 0.541 0.826 0.794 0.088
2 0.500 0.749 0.999 0.275
2 0.074 0.549 0.100 0.061
0 0.559 0.552 0.827 0.059
2 0.500 0.460 0.999 0.275
0 0.708 0.295 0.112 0.018
0 0.501 0.295 0.179 0.018
0 0.279 0.297 0.150 0.021
0 0.088 0.297 0.112 0.021
0 0.863 0.295 0.075 0.017
0 0.500 0.119 0.253 0.055
1 0.947 0.077 0.014 0.026
4 0.500 0.018 0.999 0.035
