0 0.583 0.313 0.084 0.018
0 0.921 0.582 0.053 0.017
0 0.606 0.583 0.137 0.021
0 0.701 0.556 0.327 0.026
0 0.196 0.990 0.282 0.020
2 0.743 0.981 0.456 0.038
0 0.906 0.918 0.081 0.017
0 0.628 0.920 0.179 0.021
0 0.686 0.890 0.296 0.021
2 0.743 0.742 0.456 0.235
2 0.257 0.779 0.456 0.361
0 0.412 0.555 0.097 0.015
0 0.144 0.557 0.178 0.019
0 0.098 0.528 0.084 0.019
2 0.743 0.453 0.456 0.139
0 0.897 0.341 0.099 0.017
0 0.628 0.342 0.178 0.020
2 0.743 0.209 0.457 0.147
2 0.257 0.315 0.457 0.362
0 0.375 0.077 0.395 0.025
1 0.069 0.077 0.042 0.025
4 0.500 0.018 0.999 0.035
