1 0.832 0.949 0.054 0.031
1 0.501 0.949 0.046 0.035
2 0.168 0.950 0.061 0.032
0 0.168 0.980 0.087 0.017
0 0.500 0.980 0.078 0.017
0 0.834 0.983 0.139 0.020
0 0.875 0.147 0.039 0.018
0 0.625 0.148 0.069 0.017
0 0.379 0.148 0.054 0.017
0 0.125 0.150 0.113 0.021
1 0.926 0.080 0.056 0.030
3 0.610 0.077 0.220 0.043
3 0.391 0.078 0.222 0.042
1 0.073 0.077 0.050 0.031
0 0.502 0.339 0.278 0.019
0 0.500 0.729 0.119 0.021
3 0.501 0.670 0.683 0.060
2 0.500 0.521 0.389 0.168
0 0.504 0.312 0.511 0.022
4 0.501 0.019 0.998 0.036
