1 0.069 0.973 0.043 0.027
1 0.070 0.903 0.048 0.022
2 0.069 0.833 0.052 0.033
2 0.070 0.762 0.052 0.023
2 0.069 0.692 0.056 0.027
1 0.069 0.538 0.043 0.027
1 0.070 0.469 0.037 0.032
2 0.071 0.399 0.043 0.028
0 0.240 0.975 0.128 0.022
0 0.279 0.904 0.202 0.019
0 0.255 0.835 0.154 0.022
0 0.274 0.765 0.196 0.022
0 0.301 0.695 0.250 0.022
0 0.094 0.623 0.109 0.018
0 0.256 0.541 0.159 0.022
0 0.332 0.470 0.313 0.022
0 0.223 0.400 0.091 0.017
0 0.086 0.329 0.091 0.017
0 0.149 0.178 0.220 0.031
0 0.124 0.142 0.170 0.019
1 0.608 0.248 0.050 0.030
0 0.141 0.247 0.204 0.018
2 0.080 0.086 0.081 0.055
0 0.586 0.086 0.113 0.017
4 0.501 0.019 0.998 0.036
