2 0.117 0.123 0.141 0.085
1 0.613 0.212 0.025 0.008
0 0.078 0.192 0.075 0.017
0 0.114 0.222 0.145 0.021
0 0.275 0.311 0.199 0.017
0 0.220 0.381 0.087 0.017
0 0.228 0.452 0.106 0.017
0 0.258 0.524 0.165 0.021
0 0.308 0.617 0.265 0.018
0 0.321 0.689 0.292 0.023
0 0.239 0.759 0.125 0.022
0 0.236 0.830 0.121 0.021
0 0.227 0.898 0.100 0.017
0 0.271 0.960 0.190 0.018
2 0.069 0.958 0.056 0.029
1 0.069 0.896 0.045 0.031
2 0.069 0.827 0.051 0.030
1 0.069 0.757 0.051 0.031
2 0.069 0.687 0.046 0.028
2 0.069 0.616 0.051 0.016
2 0.069 0.521 0.056 0.032
1 0.069 0.451 0.050 0.019
2 0.069 0.382 0.052 0.025
1 0.070 0.310 0.049 0.028
4 0.500 0.018 0.999 0.035
