2 0.117 0.124 0.138 0.084
1 0.612 0.076 0.051 0.031
2 0.091 0.322 0.087 0.052
2 0.088 0.498 0.088 0.052
2 0.088 0.604 0.087 0.052
1 0.069 0.699 0.036 0.022
2 0.069 0.780 0.051 0.016
1 0.069 0.862 0.049 0.031
1 0.613 0.210 0.027 0.010
0 0.078 0.192 0.076 0.018
0 0.063 0.221 0.047 0.021
0 0.222 0.311 0.084 0.018
0 0.201 0.340 0.047 0.019
0 0.168 0.409 0.256 0.018
0 0.219 0.484 0.086 0.020
0 0.199 0.515 0.046 0.020
0 0.299 0.591 0.242 0.020
0 0.199 0.620 0.048 0.021
0 0.277 0.700 0.203 0.017
0 0.319 0.781 0.287 0.017
0 0.279 0.863 0.206 0.017
4 0.500 0.018 0.999 0.035
