2 0.912 0.647 0.056 0.034
0 0.700 0.980 0.075 0.012
0 0.500 0.979 0.069 0.012
0 0.301 0.980 0.079 0.013
0 0.899 0.980 0.099 0.013
1 0.899 0.950 0.062 0.036
0 0.102 0.979 0.106 0.012
1 0.699 0.950 0.056 0.033
2 0.500 0.950 0.053 0.035
1 0.301 0.951 0.060 0.032
1 0.103 0.950 0.053 0.035
1 0.913 0.754 0.056 0.033
0 0.241 0.755 0.362 0.023
0 0.110 0.650 0.094 0.028
1 0.913 0.540 0.056 0.033
0 0.144 0.543 0.169 0.028
1 0.912 0.432 0.060 0.037
0 0.219 0.436 0.311 0.027
1 0.912 0.325 0.056 0.034
0 0.194 0.326 0.270 0.022
0 0.253 0.222 0.387 0.025
1 0.863 0.172 0.158 0.084
0 0.145 0.163 0.174 0.037
4 0.500 0.018 0.999 0.035
