1 0.137 0.954 0.158 0.018
0 0.213 0.682 0.304 0.026
1 0.801 0.077 0.061 0.033
0 0.244 0.955 0.044 0.015
0 0.177 0.924 0.235 0.027
3 0.703 0.936 0.480 0.083
0 0.830 0.841 0.098 0.020
0 0.610 0.841 0.110 0.019
0 0.388 0.841 0.111 0.018
0 0.169 0.843 0.140 0.023
2 0.832 0.797 0.062 0.037
2 0.611 0.797 0.061 0.034
2 0.390 0.797 0.061 0.035
2 0.169 0.797 0.056 0.037
0 0.182 0.648 0.243 0.021
2 0.864 0.662 0.157 0.096
0 0.443 0.522 0.767 0.096
1 0.922 0.076 0.062 0.033
1 0.083 0.077 0.043 0.025
2 0.500 0.236 0.999 0.401
4 0.500 0.018 0.999 0.035
