1 0.069 0.720 0.051 0.027
2 0.069 0.650 0.047 0.023
1 0.069 0.580 0.051 0.030
1 0.069 0.509 0.051 0.030
1 0.069 0.439 0.056 0.032
1 0.069 0.369 0.051 0.030
1 0.069 0.298 0.051 0.026
3 0.389 0.965 0.777 0.070
0 0.103 0.886 0.126 0.021
0 0.171 0.816 0.261 0.022
0 0.214 0.722 0.079 0.021
0 0.298 0.650 0.243 0.017
0 0.248 0.580 0.142 0.018
0 0.275 0.512 0.196 0.022
0 0.278 0.440 0.203 0.017
0 0.256 0.372 0.161 0.021
0 0.222 0.299 0.091 0.017
0 0.231 0.217 0.382 0.023
1 0.117 0.105 0.155 0.095
4 0.500 0.018 0.999 0.035
