0 0.451 0.460 0.805 0.052
0 0.138 0.396 0.178 0.022
0 0.245 0.342 0.391 0.031
2 0.501 0.164 0.998 0.255
1 0.883 0.290 0.139 0.084
1 0.941 0.394 0.017 0.031
1 0.816 0.393 0.072 0.043
1 0.941 0.077 0.046 0.027
1 0.069 0.077 0.043 0.025
0 0.154 0.945 0.163 0.015
2 0.155 0.880 0.105 0.064
0 0.846 0.767 0.109 0.016
0 0.616 0.777 0.208 0.035
0 0.385 0.769 0.126 0.017
0 0.156 0.767 0.110 0.016
1 0.846 0.703 0.119 0.071
2 0.624 0.703 0.100 0.072
2 0.385 0.703 0.113 0.064
1 0.155 0.703 0.094 0.057
0 0.884 0.610 0.098 0.017
1 0.767 0.610 0.060 0.036
0 0.109 0.601 0.139 0.017
4 0.500 0.018 0.999 0.035
