0 0.127 0.384 0.094 0.020
0 0.240 0.971 0.168 0.019
0 0.306 0.942 0.298 0.021
2 0.903 0.953 0.062 0.043
2 0.079 0.953 0.119 0.071
0 0.147 0.899 0.136 0.014
0 0.156 0.798 0.155 0.020
0 0.167 0.694 0.176 0.020
0 0.155 0.591 0.153 0.020
0 0.219 0.487 0.281 0.020
0 0.222 0.281 0.287 0.021
0 0.895 0.169 0.073 0.017
0 0.725 0.169 0.149 0.017
0 0.531 0.169 0.120 0.017
0 0.324 0.170 0.179 0.017
0 0.113 0.169 0.129 0.018
0 0.322 0.079 0.348 0.024
1 0.942 0.076 0.046 0.027
1 0.069 0.076 0.050 0.022
4 0.500 0.018 0.999 0.035
