0 0.826 0.151 0.282 0.016
1 0.942 0.076 0.048 0.031
2 0.825 0.077 0.048 0.020
2 0.074 0.089 0.106 0.065
1 0.069 0.210 0.042 0.025
1 0.069 0.305 0.036 0.023
1 0.069 0.375 0.047 0.017
1 0.069 0.446 0.041 0.025
1 0.069 0.518 0.046 0.021
2 0.069 0.586 0.043 0.028
1 0.069 0.656 0.046 0.028
1 0.069 0.751 0.036 0.022
1 0.069 0.822 0.047 0.017
1 0.069 0.892 0.041 0.025
1 0.070 0.964 0.047 0.021
0 0.263 0.963 0.175 0.018
0 0.253 0.893 0.154 0.017
0 0.238 0.824 0.125 0.021
0 0.291 0.752 0.231 0.018
0 0.210 0.659 0.067 0.021
0 0.271 0.587 0.190 0.017
0 0.226 0.516 0.101 0.018
0 0.247 0.446 0.144 0.017
0 0.265 0.378 0.178 0.022
0 0.206 0.305 0.062 0.018
0 0.221 0.210 0.095 0.018
0 0.229 0.093 0.106 0.020
4 0.500 0.018 0.999 0.035
