1 0.942 0.077 0.052 0.031
1 0.069 0.076 0.048 0.022
0 0.339 0.080 0.330 0.029
0 0.501 0.189 0.376 0.028
0 0.501 0.256 0.216 0.014
2 0.213 0.327 0.071 0.049
2 0.356 0.327 0.069 0.049
2 0.502 0.327 0.051 0.049
2 0.644 0.327 0.061 0.048
2 0.788 0.327 0.081 0.048
0 0.501 0.425 0.076 0.014
7 0.479 0.472 0.319 0.030
0 0.511 0.472 0.254 0.014
7 0.507 0.527 0.376 0.031
0 0.539 0.528 0.312 0.014
7 0.481 0.583 0.322 0.031
0 0.513 0.583 0.257 0.014
7 0.506 0.639 0.374 0.031
0 0.537 0.639 0.310 0.014
0 0.500 0.751 0.125 0.036
0 0.500 0.790 0.116 0.018
0 0.783 0.850 0.046 0.016
4 0.500 0.018 0.999 0.035
