0 0.323 0.474 0.209 0.028
0 0.271 0.405 0.102 0.022
0 0.314 0.342 0.191 0.016
3 0.869 0.951 0.202 0.056
0 0.501 0.894 0.672 0.027
6 0.497 0.972 0.098 0.017
0 0.873 0.049 0.098 0.018
0 0.500 0.047 0.222 0.038
0 0.130 0.048 0.178 0.017
5 0.501 0.477 0.569 0.033
0 0.503 0.698 0.661 0.046
0 0.277 0.613 0.183 0.022
1 0.647 0.619 0.124 0.076
1 0.477 0.619 0.124 0.076
3 0.501 0.540 0.717 0.054
1 0.170 0.405 0.063 0.030
1 0.171 0.339 0.057 0.035
1 0.171 0.470 0.054 0.041
5 0.501 0.411 0.569 0.033
5 0.501 0.348 0.569 0.029
0 0.500 0.281 0.470 0.022
