1 0.062 0.326 0.067 0.036
0 0.239 0.797 0.232 0.022
2 0.061 0.797 0.063 0.038
1 0.942 0.797 0.022 0.020
0 0.299 0.729 0.352 0.028
2 0.063 0.726 0.056 0.037
1 0.942 0.726 0.022 0.020
0 0.803 0.656 0.173 0.018
0 0.284 0.659 0.319 0.027
1 0.062 0.656 0.062 0.039
1 0.942 0.656 0.022 0.020
0 0.833 0.585 0.116 0.020
0 0.315 0.588 0.382 0.027
2 0.062 0.585 0.064 0.034
1 0.942 0.585 0.022 0.020
0 0.831 0.517 0.117 0.024
0 0.219 0.518 0.189 0.026
2 0.062 0.514 0.064 0.038
1 0.942 0.515 0.022 0.020
0 0.266 0.421 0.283 0.022
2 0.062 0.421 0.060 0.036
1 0.942 0.421 0.023 0.020
0 0.190 0.327 0.138 0.022
0 0.184 0.252 0.121 0.023
2 0.062 0.252 0.062 0.035
0 0.271 0.181 0.294 0.027
1 0.062 0.178 0.058 0.038
0 0.500 0.080 0.177 0.029
1 0.069 0.077 0.030 0.030
4 0.500 0.018 0.999 0.035
