0 0.751 0.155 0.221 0.027
0 0.371 0.992 0.323 0.016
1 0.927 0.982 0.096 0.036
0 0.279 0.963 0.140 0.014
2 0.106 0.979 0.108 0.041
0 0.242 0.920 0.066 0.014
0 0.319 0.890 0.220 0.027
1 0.927 0.886 0.096 0.058
0 0.279 0.856 0.140 0.014
2 0.109 0.889 0.133 0.077
0 0.242 0.813 0.067 0.014
0 0.312 0.783 0.208 0.026
1 0.926 0.778 0.097 0.059
0 0.279 0.748 0.141 0.016
2 0.111 0.779 0.098 0.075
0 0.242 0.706 0.067 0.014
0 0.366 0.676 0.319 0.027
1 0.926 0.671 0.097 0.059
0 0.279 0.640 0.141 0.014
2 0.112 0.673 0.122 0.080
0 0.241 0.598 0.068 0.015
0 0.288 0.566 0.158 0.022
1 0.926 0.564 0.097 0.059
0 0.279 0.533 0.141 0.015
2 0.111 0.564 0.105 0.062
0 0.243 0.491 0.067 0.014
0 0.362 0.458 0.307 0.022
1 0.926 0.456 0.097 0.059
0 0.279 0.426 0.141 0.014
2 0.110 0.458 0.105 0.075
0 0.242 0.384 0.067 0.014
0 0.354 0.354 0.295 0.027
1 0.926 0.349 0.097 0.059
0 0.279 0.318 0.141 0.015
2 0.110 0.349 0.093 0.070
0 0.243 0.277 0.068 0.014
0 0.264 0.244 0.113 0.023
1 0.926 0.242 0.097 0.059
0 0.279 0.212 0.141 0.014
2 0.111 0.248 0.134 0.071
0 0.250 0.153 0.048 0.021
0 0.500 0.077 0.274 0.025
0 0.916 0.079 0.122 0.021
1 0.069 0.076 0.031 0.029
4 0.500 0.018 0.999 0.035
