0 0.892 0.890 0.019 0.018
0 0.117 0.890 0.155 0.022
1 0.941 0.890 0.023 0.020
0 0.893 0.819 0.019 0.018
0 0.121 0.819 0.163 0.022
1 0.942 0.819 0.023 0.021
0 0.266 0.732 0.454 0.022
0 0.893 0.659 0.019 0.018
0 0.237 0.659 0.394 0.022
1 0.942 0.659 0.021 0.021
0 0.893 0.589 0.019 0.018
0 0.216 0.591 0.355 0.027
1 0.942 0.588 0.023 0.021
0 0.312 0.500 0.545 0.027
0 0.322 0.419 0.565 0.027
0 0.229 0.336 0.378 0.022
1 0.942 0.335 0.023 0.020
0 0.803 0.254 0.197 0.019
0 0.135 0.257 0.190 0.028
1 0.941 0.254 0.023 0.020
0 0.846 0.176 0.118 0.022
0 0.288 0.176 0.496 0.027
1 0.941 0.173 0.024 0.021
0 0.502 0.080 0.156 0.030
1 0.069 0.077 0.030 0.030
4 0.500 0.018 0.999 0.035
