7 0.269 0.094 0.283 0.030
0 0.325 0.094 0.171 0.021
7 0.248 0.164 0.242 0.030
0 0.304 0.164 0.130 0.021
7 0.349 0.235 0.444 0.030
0 0.405 0.235 0.331 0.021
7 0.256 0.304 0.259 0.030
0 0.313 0.305 0.146 0.021
7 0.274 0.375 0.292 0.031
0 0.329 0.375 0.181 0.021
7 0.275 0.445 0.297 0.030
0 0.332 0.445 0.183 0.022
7 0.271 0.515 0.288 0.030
0 0.328 0.515 0.173 0.022
7 0.300 0.585 0.347 0.030
0 0.357 0.586 0.233 0.021
7 0.273 0.656 0.290 0.030
0 0.330 0.656 0.176 0.021
7 0.377 0.726 0.501 0.030
0 0.435 0.726 0.386 0.022
7 0.487 0.796 0.721 0.030
0 0.545 0.797 0.606 0.021
7 0.250 0.866 0.245 0.030
0 0.307 0.866 0.130 0.022
0 0.657 0.936 0.130 0.016
0 0.830 0.936 0.045 0.016
4 0.500 0.018 0.999 0.035
