3 0.172 0.991 0.225 0.018
0 0.097 0.928 0.115 0.015
3 0.132 0.867 0.145 0.025
0 0.116 0.793 0.112 0.018
0 0.092 0.661 0.106 0.019
0 0.172 0.722 0.221 0.018
3 0.500 0.559 0.888 0.071
2 0.864 0.474 0.050 0.030
2 0.621 0.475 0.050 0.031
2 0.379 0.475 0.050 0.031
2 0.136 0.474 0.050 0.030
0 0.865 0.440 0.135 0.014
0 0.622 0.440 0.197 0.014
0 0.379 0.440 0.127 0.013
0 0.136 0.440 0.178 0.013
0 0.500 0.382 0.501 0.033
0 0.152 0.300 0.229 0.020
0 0.500 0.242 0.329 0.019
0 0.499 0.213 0.270 0.018
2 0.500 0.109 0.196 0.119
1 0.081 0.084 0.047 0.028
4 0.500 0.018 0.999 0.035
