1 0.892 0.682 0.056 0.037
1 0.892 0.901 0.057 0.038
1 0.074 0.955 0.031 0.019
1 0.074 0.735 0.032 0.019
1 0.074 0.516 0.031 0.018
1 0.893 0.244 0.057 0.038
1 0.074 0.297 0.031 0.019
0 0.433 0.957 0.658 0.022
0 0.325 0.901 0.531 0.061
0 0.147 0.836 0.178 0.013
0 0.252 0.735 0.298 0.018
0 0.356 0.683 0.592 0.065
0 0.147 0.616 0.178 0.013
0 0.360 0.518 0.512 0.022
0 0.378 0.464 0.634 0.065
1 0.893 0.463 0.057 0.038
0 0.148 0.397 0.177 0.013
0 0.252 0.296 0.297 0.017
0 0.346 0.244 0.570 0.065
0 0.147 0.178 0.178 0.013
0 0.500 0.084 0.236 0.017
1 0.082 0.084 0.047 0.028
4 0.500 0.018 0.999 0.035
