0 0.074 0.980 0.067 0.018
0 0.219 0.913 0.319 0.018
0 0.172 0.842 0.225 0.019
0 0.097 0.778 0.114 0.015
0 0.132 0.717 0.144 0.025
0 0.117 0.643 0.111 0.018
0 0.171 0.572 0.222 0.019
0 0.093 0.511 0.106 0.019
2 0.136 0.324 0.050 0.030
2 0.379 0.324 0.050 0.030
2 0.621 0.324 0.050 0.030
2 0.864 0.324 0.050 0.030
0 0.865 0.290 0.135 0.013
0 0.622 0.290 0.197 0.013
0 0.379 0.290 0.126 0.013
0 0.136 0.290 0.178 0.013
0 0.499 0.232 0.500 0.033
3 0.500 0.409 0.888 0.071
0 0.153 0.150 0.229 0.020
0 0.500 0.105 0.330 0.020
0 0.500 0.076 0.271 0.020
1 0.081 0.084 0.048 0.029
4 0.500 0.018 0.999 0.035
