0 0.537 0.230 0.245 0.027
0 0.259 0.304 0.164 0.018
0 0.260 0.376 0.170 0.022
0 0.238 0.446 0.127 0.021
0 0.313 0.516 0.276 0.022
0 0.252 0.612 0.155 0.022
0 0.244 0.683 0.134 0.021
0 0.262 0.751 0.170 0.017
0 0.258 0.846 0.164 0.017
0 0.244 0.916 0.137 0.017
1 0.069 0.915 0.051 0.030
1 0.069 0.845 0.051 0.025
2 0.069 0.750 0.047 0.033
1 0.069 0.679 0.051 0.029
1 0.069 0.609 0.045 0.031
1 0.069 0.514 0.046 0.028
1 0.069 0.444 0.049 0.031
1 0.069 0.373 0.046 0.028
1 0.069 0.304 0.047 0.028
1 0.212 0.093 0.064 0.043
2 0.298 0.093 0.074 0.041
2 0.385 0.093 0.051 0.045
1 0.471 0.093 0.046 0.043
4 0.500 0.018 0.999 0.035
