1 0.305 0.041 0.021 0.018
2 0.420 0.146 0.023 0.016
0 0.541 0.951 0.612 0.022
2 0.122 0.951 0.134 0.041
0 0.414 0.848 0.352 0.026
2 0.122 0.846 0.110 0.031
0 0.325 0.743 0.173 0.021
2 0.121 0.742 0.102 0.050
0 0.540 0.639 0.606 0.054
2 0.126 0.639 0.115 0.047
0 0.514 0.535 0.553 0.053
2 0.125 0.536 0.114 0.047
0 0.499 0.430 0.521 0.052
2 0.126 0.432 0.115 0.047
0 0.557 0.329 0.638 0.027
2 0.126 0.328 0.115 0.048
0 0.500 0.229 0.638 0.027
0 0.534 0.146 0.194 0.017
0 0.502 0.079 0.630 0.026
0 0.514 0.043 0.380 0.022
