1 0.956 0.082 0.043 0.022
2 0.442 0.112 0.119 0.066
1 0.088 0.205 0.056 0.034
0 0.185 0.208 0.073 0.023
2 0.088 0.264 0.053 0.023
0 0.191 0.264 0.085 0.018
1 0.087 0.322 0.058 0.026
0 0.241 0.323 0.188 0.020
2 0.089 0.417 0.056 0.027
0 0.275 0.419 0.253 0.024
0 0.469 0.475 0.660 0.042
1 0.088 0.533 0.055 0.030
0 0.286 0.535 0.275 0.025
1 0.088 0.627 0.047 0.030
0 0.216 0.630 0.140 0.025
1 0.088 0.686 0.055 0.031
0 0.230 0.686 0.164 0.020
1 0.088 0.744 0.045 0.027
0 0.196 0.745 0.102 0.020
1 0.087 0.803 0.049 0.028
0 0.203 0.805 0.114 0.023
