0 0.874 0.972 0.211 0.038
1 0.707 0.071 0.048 0.020
1 0.824 0.071 0.044 0.028
1 0.942 0.071 0.043 0.027
0 0.166 0.086 0.076 0.018
0 0.249 0.061 0.246 0.021
1 0.059 0.071 0.048 0.020
2 0.545 0.386 0.080 0.049
2 0.545 0.450 0.080 0.049
2 0.544 0.513 0.081 0.048
2 0.544 0.579 0.074 0.045
2 0.219 0.643 0.074 0.046
2 0.219 0.579 0.074 0.045
2 0.219 0.514 0.081 0.049
2 0.218 0.450 0.080 0.048
2 0.219 0.385 0.076 0.046
0 0.358 0.452 0.157 0.026
0 0.365 0.514 0.174 0.021
0 0.324 0.643 0.096 0.021
0 0.332 0.579 0.106 0.019
0 0.685 0.578 0.167 0.021
0 0.650 0.517 0.093 0.025
0 0.712 0.450 0.217 0.021
0 0.639 0.386 0.067 0.020
0 0.377 0.389 0.194 0.026
0 0.705 0.716 0.176 0.017
0 0.495 0.716 0.131 0.017
0 0.353 0.325 0.283 0.023
4 0.501 0.019 0.998 0.036
