0 0.208 0.079 0.338 0.025
0 0.118 0.204 0.157 0.017
0 0.222 0.288 0.091 0.017
0 0.234 0.358 0.115 0.017
0 0.228 0.428 0.106 0.017
0 0.248 0.498 0.142 0.017
0 0.261 0.570 0.170 0.021
0 0.215 0.640 0.078 0.021
0 0.224 0.711 0.098 0.021
0 0.108 0.792 0.137 0.018
0 0.239 0.863 0.129 0.017
0 0.238 0.935 0.126 0.021
1 0.069 0.932 0.038 0.023
1 0.069 0.862 0.051 0.031
1 0.069 0.708 0.046 0.028
1 0.066 0.638 0.051 0.031
1 0.069 0.568 0.060 0.031
2 0.069 0.496 0.046 0.030
1 0.069 0.427 0.052 0.031
1 0.069 0.358 0.051 0.032
1 0.069 0.287 0.050 0.027
1 0.603 0.194 0.051 0.033
4 0.500 0.018 0.999 0.035
