2 0.069 0.071 0.078 0.046
0 0.246 0.074 0.254 0.027
0 0.226 0.142 0.333 0.026
0 0.246 0.173 0.372 0.020
0 0.358 0.235 0.511 0.027
7 0.493 0.317 0.778 0.027
0 0.181 0.317 0.154 0.021
7 0.494 0.389 0.775 0.028
0 0.167 0.388 0.121 0.022
7 0.493 0.460 0.777 0.027
0 0.177 0.460 0.144 0.022
7 0.493 0.530 0.777 0.027
0 0.176 0.530 0.144 0.022
7 0.493 0.601 0.775 0.027
0 0.177 0.602 0.143 0.022
7 0.494 0.672 0.776 0.027
0 0.189 0.673 0.168 0.022
7 0.492 0.744 0.777 0.027
0 0.188 0.744 0.169 0.022
3 0.500 0.814 0.873 0.072
4 0.500 0.018 0.999 0.035
