4 0.501 0.019 0.998 0.036
0 0.751 0.071 0.294 0.018
0 0.251 0.072 0.306 0.018
1 0.128 0.177 0.044 0.028
0 0.231 0.177 0.085 0.019
0 0.118 0.292 0.135 0.018
7 0.494 0.349 0.885 0.030
0 0.256 0.352 0.409 0.025
0 0.108 0.440 0.117 0.019
7 0.492 0.497 0.887 0.029
0 0.135 0.498 0.174 0.021
0 0.122 0.588 0.144 0.019
7 0.494 0.644 0.887 0.029
0 0.215 0.645 0.330 0.021
0 0.123 0.735 0.146 0.019
7 0.493 0.793 0.889 0.029
0 0.255 0.794 0.413 0.025
7 0.493 0.867 0.889 0.029
0 0.182 0.868 0.269 0.021
0 0.894 0.960 0.098 0.021
5 0.500 0.177 0.907 0.078
6 0.501 0.959 0.220 0.017
