1 0.545 0.084 0.039 0.031
0 0.258 0.957 0.417 0.021
0 0.205 0.884 0.313 0.019
1 0.652 0.807 0.033 0.014
0 0.136 0.803 0.172 0.020
1 0.652 0.726 0.033 0.014
0 0.117 0.723 0.137 0.019
1 0.652 0.645 0.033 0.013
0 0.097 0.643 0.098 0.021
1 0.652 0.565 0.033 0.013
0 0.123 0.562 0.146 0.019
1 0.652 0.485 0.033 0.013
0 0.085 0.482 0.070 0.019
1 0.652 0.405 0.033 0.013
0 0.121 0.402 0.146 0.020
1 0.652 0.325 0.033 0.014
0 0.198 0.322 0.296 0.020
1 0.652 0.244 0.033 0.013
0 0.107 0.242 0.115 0.020
0 0.167 0.168 0.237 0.021
1 0.652 0.083 0.052 0.032
2 0.439 0.084 0.052 0.033
2 0.334 0.082 0.054 0.033
4 0.501 0.019 0.998 0.036
