0 0.273 0.818 0.288 0.027
0 0.371 0.665 0.484 0.027
0 0.308 0.587 0.358 0.021
0 0.362 0.513 0.468 0.027
0 0.335 0.434 0.417 0.022
0 0.365 0.360 0.472 0.027
0 0.225 0.284 0.194 0.027
0 0.272 0.207 0.284 0.027
1 0.440 0.955 0.045 0.037
1 0.622 0.955 0.045 0.034
1 0.261 0.955 0.056 0.032
0 0.859 0.972 0.046 0.016
1 0.858 0.940 0.046 0.037
0 0.082 0.953 0.045 0.033
0 0.395 0.879 0.565 0.021
1 0.068 0.815 0.036 0.033
1 0.500 0.739 0.042 0.025
0 0.292 0.743 0.330 0.026
1 0.069 0.739 0.049 0.031
1 0.069 0.662 0.054 0.033
1 0.069 0.586 0.060 0.036
1 0.070 0.510 0.047 0.034
1 0.069 0.434 0.056 0.031
1 0.069 0.357 0.046 0.036
0 0.069 0.281 0.051 0.036
1 0.069 0.205 0.042 0.031
0 0.339 0.131 0.419 0.027
2 0.069 0.132 0.046 0.029
1 0.946 0.077 0.013 0.026
0 0.079 0.078 0.073 0.023
1 0.845 0.078 0.052 0.032
1 0.729 0.075 0.047 0.034
4 0.500 0.018 0.999 0.035
