2 0.700 0.430 0.162 0.106
2 0.501 0.208 0.163 0.098
0 0.300 0.941 0.166 0.020
0 0.101 0.939 0.096 0.016
0 0.500 0.939 0.098 0.016
2 0.501 0.873 0.135 0.098
2 0.301 0.870 0.135 0.091
2 0.101 0.874 0.135 0.089
0 0.183 0.793 0.284 0.025
0 0.701 0.717 0.072 0.016
0 0.500 0.719 0.089 0.019
0 0.300 0.719 0.169 0.020
0 0.101 0.717 0.086 0.016
2 0.700 0.648 0.136 0.096
2 0.501 0.650 0.137 0.100
2 0.301 0.647 0.137 0.101
2 0.101 0.651 0.163 0.112
0 0.191 0.572 0.301 0.025
0 0.900 0.497 0.107 0.020
0 0.701 0.495 0.132 0.016
0 0.301 0.505 0.099 0.036
0 0.101 0.497 0.102 0.018
2 0.900 0.431 0.136 0.082
0 0.500 0.496 0.069 0.015
2 0.501 0.430 0.135 0.081
2 0.301 0.431 0.135 0.082
2 0.101 0.430 0.135 0.081
0 0.292 0.350 0.503 0.025
0 0.901 0.273 0.069 0.016
0 0.700 0.273 0.090 0.016
0 0.501 0.275 0.085 0.019
0 0.301 0.273 0.094 0.016
0 0.102 0.273 0.119 0.016
2 0.900 0.208 0.135 0.081
2 0.700 0.209 0.137 0.083
2 0.102 0.208 0.135 0.081
2 0.301 0.209 0.163 0.098
0 0.256 0.080 0.235 0.030
0 0.919 0.077 0.086 0.017
0 0.294 0.129 0.507 0.023
1 0.069 0.077 0.038 0.023
4 0.500 0.018 0.999 0.035
