1 0.754 0.111 0.056 0.033
0 0.381 0.111 0.320 0.023
5 0.501 0.182 0.565 0.035
1 0.261 0.176 0.033 0.021
0 0.475 0.178 0.357 0.020
0 0.408 0.264 0.183 0.018
1 0.258 0.264 0.043 0.013
1 0.259 0.340 0.041 0.020
0 0.414 0.342 0.191 0.020
7 0.390 0.412 0.202 0.031
0 0.436 0.413 0.109 0.017
7 0.412 0.483 0.243 0.031
0 0.457 0.483 0.152 0.018
7 0.383 0.553 0.185 0.031
0 0.429 0.554 0.094 0.017
7 0.394 0.623 0.207 0.031
0 0.439 0.625 0.119 0.020
7 0.447 0.693 0.313 0.031
0 0.493 0.696 0.222 0.020
7 0.398 0.764 0.215 0.031
0 0.443 0.764 0.126 0.018
7 0.392 0.834 0.202 0.031
0 0.437 0.834 0.111 0.018
0 0.532 0.929 0.154 0.021
0 0.724 0.930 0.111 0.020
4 0.501 0.019 0.998 0.036
