1 0.942 0.077 0.043 0.028
1 0.826 0.077 0.052 0.029
1 0.069 0.078 0.041 0.025
0 0.369 0.871 0.089 0.020
2 0.249 0.871 0.069 0.042
0 0.442 0.802 0.231 0.023
2 0.249 0.799 0.076 0.046
0 0.407 0.730 0.163 0.020
1 0.248 0.730 0.063 0.040
0 0.399 0.662 0.146 0.023
2 0.248 0.661 0.081 0.048
0 0.456 0.590 0.261 0.020
2 0.248 0.590 0.081 0.049
0 0.382 0.522 0.117 0.023
0 0.549 0.449 0.446 0.020
0 0.444 0.379 0.244 0.020
0 0.416 0.311 0.180 0.025
2 0.248 0.310 0.078 0.045
0 0.410 0.239 0.169 0.020
2 0.248 0.520 0.078 0.047
2 0.254 0.449 0.070 0.049
2 0.248 0.378 0.070 0.043
1 0.249 0.239 0.080 0.048
0 0.355 0.159 0.291 0.023
4 0.501 0.019 0.998 0.036
