1 0.932 0.965 0.038 0.023
1 0.098 0.451 0.052 0.033
1 0.099 0.544 0.044 0.031
1 0.912 0.636 0.068 0.041
1 0.913 0.451 0.070 0.043
1 0.913 0.359 0.069 0.043
0 0.475 0.967 0.598 0.046
0 0.409 0.655 0.466 0.021
2 0.099 0.636 0.051 0.030
0 0.337 0.623 0.321 0.021
0 0.331 0.562 0.310 0.022
0 0.276 0.531 0.200 0.022
0 0.328 0.470 0.304 0.022
0 0.267 0.439 0.182 0.021
1 0.098 0.359 0.044 0.028
0 0.369 0.377 0.386 0.022
0 0.299 0.346 0.244 0.022
0 0.468 0.285 0.583 0.021
2 0.100 0.267 0.045 0.032
0 0.278 0.252 0.206 0.017
1 0.094 0.176 0.052 0.032
0 0.301 0.193 0.250 0.022
0 0.287 0.160 0.220 0.017
1 0.088 0.965 0.084 0.051
0 0.325 0.080 0.302 0.031
1 0.069 0.077 0.043 0.026
4 0.500 0.018 0.999 0.035
