0 0.266 0.080 0.180 0.031
1 0.069 0.076 0.050 0.021
0 0.501 0.145 0.254 0.021
0 0.246 0.211 0.137 0.017
2 0.088 0.224 0.061 0.030
0 0.541 0.239 0.733 0.020
2 0.088 0.330 0.050 0.038
0 0.310 0.339 0.198 0.023
7 0.322 0.405 0.219 0.031
0 0.380 0.404 0.104 0.023
1 0.090 0.436 0.050 0.037
7 0.337 0.474 0.248 0.032
0 0.394 0.475 0.133 0.022
7 0.318 0.545 0.209 0.032
0 0.375 0.547 0.094 0.028
1 0.088 0.599 0.050 0.037
7 0.318 0.615 0.209 0.032
0 0.374 0.617 0.096 0.028
1 0.088 0.713 0.054 0.039
0 0.741 0.703 0.107 0.018
0 0.273 0.804 0.191 0.017
1 0.090 0.827 0.057 0.035
0 0.520 0.840 0.693 0.035
4 0.501 0.019 0.998 0.036
