0 0.173 0.991 0.224 0.019
0 0.098 0.928 0.119 0.017
0 0.132 0.867 0.146 0.026
0 0.118 0.794 0.113 0.020
0 0.172 0.722 0.222 0.020
0 0.094 0.661 0.107 0.021
3 0.502 0.560 0.889 0.071
2 0.865 0.475 0.052 0.031
2 0.621 0.475 0.050 0.031
2 0.379 0.475 0.054 0.031
2 0.137 0.474 0.052 0.030
0 0.866 0.440 0.135 0.016
0 0.622 0.440 0.200 0.016
0 0.379 0.440 0.128 0.014
0 0.137 0.440 0.178 0.016
0 0.500 0.382 0.500 0.035
0 0.154 0.300 0.230 0.021
0 0.501 0.242 0.331 0.019
0 0.501 0.213 0.272 0.021
2 0.501 0.109 0.198 0.120
1 0.081 0.084 0.048 0.030
4 0.501 0.019 0.998 0.036
