2 0.202 0.315 0.064 0.045
1 0.202 0.379 0.056 0.047
1 0.202 0.441 0.081 0.037
1 0.202 0.503 0.082 0.037
1 0.202 0.566 0.081 0.038
2 0.202 0.627 0.082 0.046
2 0.202 0.691 0.089 0.054
1 0.203 0.754 0.075 0.046
1 0.203 0.817 0.080 0.049
0 0.432 0.820 0.331 0.026
0 0.399 0.757 0.263 0.026
0 0.545 0.692 0.556 0.021
0 0.383 0.628 0.232 0.022
0 0.416 0.569 0.299 0.026
0 0.362 0.503 0.191 0.022
0 0.342 0.441 0.153 0.022
0 0.365 0.378 0.196 0.022
0 0.385 0.318 0.242 0.027
0 0.350 0.236 0.357 0.026
4 0.500 0.018 0.999 0.035
