0 0.346 0.098 0.481 0.033
7 0.493 0.205 0.775 0.027
0 0.170 0.206 0.129 0.021
7 0.493 0.277 0.775 0.030
0 0.225 0.279 0.240 0.027
7 0.493 0.347 0.775 0.027
0 0.173 0.347 0.135 0.022
7 0.493 0.419 0.775 0.031
0 0.191 0.421 0.170 0.027
7 0.493 0.489 0.775 0.027
0 0.191 0.489 0.171 0.022
7 0.494 0.560 0.774 0.027
0 0.146 0.560 0.079 0.021
7 0.493 0.631 0.775 0.027
0 0.159 0.631 0.106 0.022
7 0.493 0.702 0.775 0.027
0 0.263 0.702 0.316 0.022
7 0.493 0.775 0.775 0.030
0 0.209 0.776 0.207 0.027
7 0.493 0.844 0.775 0.027
0 0.207 0.844 0.204 0.021
3 0.500 0.953 0.871 0.071
