0 0.156 0.201 0.078 0.016
0 0.144 0.972 0.056 0.016
1 0.059 0.972 0.059 0.035
0 0.197 0.902 0.161 0.016
2 0.060 0.902 0.054 0.036
0 0.286 0.832 0.339 0.016
2 0.061 0.832 0.059 0.032
0 0.295 0.763 0.357 0.020
2 0.059 0.762 0.059 0.026
0 0.294 0.691 0.359 0.016
2 0.060 0.691 0.061 0.027
0 0.319 0.622 0.404 0.018
1 0.059 0.622 0.059 0.028
0 0.258 0.552 0.283 0.020
2 0.061 0.551 0.059 0.035
0 0.165 0.482 0.100 0.016
2 0.060 0.481 0.061 0.032
0 0.145 0.411 0.057 0.014
2 0.060 0.411 0.057 0.035
0 0.310 0.342 0.387 0.019
2 0.060 0.341 0.061 0.035
0 0.209 0.270 0.185 0.017
2 0.061 0.271 0.059 0.036
1 0.060 0.200 0.050 0.027
0 0.303 0.101 0.176 0.019
1 0.109 0.100 0.133 0.079
4 0.501 0.019 0.998 0.036
