1 0.862 0.620 0.054 0.033
1 0.862 0.502 0.054 0.033
1 0.862 0.383 0.054 0.035
1 0.863 0.265 0.052 0.032
1 0.918 0.159 0.124 0.064
7 0.083 0.620 0.074 0.046
0 0.327 0.628 0.046 0.017
0 0.227 0.622 0.120 0.031
1 0.939 0.620 0.015 0.028
7 0.083 0.502 0.074 0.045
0 0.225 0.528 0.120 0.020
0 0.327 0.497 0.050 0.018
0 0.227 0.491 0.117 0.031
1 0.938 0.502 0.013 0.027
7 0.083 0.383 0.074 0.046
0 0.341 0.410 0.344 0.021
0 0.327 0.378 0.050 0.017
0 0.228 0.372 0.119 0.030
1 0.939 0.383 0.015 0.028
7 0.083 0.264 0.074 0.045
0 0.341 0.291 0.344 0.020
0 0.327 0.260 0.050 0.017
0 0.227 0.253 0.120 0.030
1 0.938 0.265 0.013 0.028
3 0.435 0.158 0.811 0.065
1 0.928 0.075 0.056 0.036
0 0.500 0.078 0.167 0.033
1 0.075 0.074 0.050 0.022
4 0.501 0.019 0.998 0.036
