1 0.070 0.959 0.052 0.038
1 0.439 0.959 0.059 0.037
1 0.542 0.959 0.061 0.038
2 0.643 0.959 0.063 0.037
1 0.746 0.959 0.063 0.038
1 0.846 0.959 0.063 0.031
0 0.949 0.960 0.061 0.020
0 0.716 0.906 0.109 0.017
0 0.386 0.907 0.135 0.020
0 0.394 0.865 0.152 0.018
2 0.219 0.883 0.124 0.060
1 0.118 0.875 0.046 0.029
1 0.056 0.875 0.039 0.029
1 0.950 0.076 0.015 0.026
2 0.846 0.076 0.033 0.037
2 0.745 0.077 0.061 0.038
0 0.844 0.145 0.148 0.014
0 0.596 0.145 0.111 0.014
0 0.386 0.145 0.076 0.014
0 0.146 0.145 0.174 0.014
0 0.314 0.091 0.269 0.014
0 0.264 0.067 0.169 0.019
1 0.079 0.077 0.054 0.022
0 0.828 0.773 0.048 0.018
0 0.501 0.647 0.669 0.118
0 0.503 0.552 0.357 0.031
2 0.501 0.376 0.387 0.234
4 0.501 0.019 0.998 0.036
