0 0.501 0.739 0.269 0.016
0 0.501 0.540 0.141 0.014
0 0.171 0.540 0.144 0.014
0 0.173 0.738 0.133 0.014
0 0.172 0.936 0.077 0.014
0 0.502 0.936 0.222 0.014
0 0.829 0.936 0.069 0.014
0 0.830 0.738 0.121 0.014
0 0.831 0.540 0.119 0.014
0 0.830 0.342 0.076 0.014
0 0.501 0.342 0.083 0.013
0 0.171 0.342 0.180 0.013
0 0.501 0.080 0.441 0.018
2 0.830 0.920 0.317 0.159
2 0.500 0.920 0.316 0.159
2 0.171 0.920 0.317 0.159
2 0.830 0.738 0.317 0.190
2 0.500 0.738 0.316 0.191
2 0.171 0.738 0.317 0.191
2 0.830 0.540 0.317 0.191
2 0.500 0.540 0.316 0.190
2 0.171 0.540 0.317 0.190
2 0.829 0.342 0.318 0.191
2 0.500 0.342 0.317 0.191
2 0.172 0.342 0.318 0.191
0 0.500 0.206 0.586 0.019
0 0.501 0.171 0.449 0.020
1 0.937 0.079 0.032 0.032
4 0.500 0.018 0.999 0.035
