1 0.932 0.076 0.060 0.036
2 0.341 0.123 0.294 0.080
0 0.256 0.773 0.157 0.017
0 0.249 0.677 0.145 0.017
0 0.331 0.607 0.307 0.017
0 0.262 0.512 0.172 0.017
0 0.254 0.441 0.156 0.017
0 0.262 0.371 0.172 0.017
0 0.264 0.301 0.174 0.017
0 0.115 0.232 0.150 0.017
1 0.623 0.231 0.042 0.026
2 0.060 0.301 0.042 0.025
2 0.059 0.371 0.042 0.026
2 0.059 0.441 0.041 0.024
1 0.059 0.512 0.041 0.025
1 0.059 0.607 0.041 0.023
1 0.059 0.677 0.041 0.025
1 0.058 0.772 0.024 0.025
3 0.341 0.965 0.681 0.070
4 0.500 0.018 0.999 0.035
