2 0.123 0.173 0.124 0.132
0 0.444 0.156 0.419 0.025
0 0.451 0.191 0.434 0.025
7 0.239 0.354 0.387 0.028
0 0.304 0.355 0.256 0.018
1 0.068 0.436 0.054 0.028
0 0.272 0.437 0.192 0.018
1 0.069 0.518 0.042 0.025
0 0.250 0.519 0.145 0.018
1 0.069 0.600 0.050 0.031
0 0.268 0.601 0.184 0.018
1 0.397 0.877 0.046 0.031
1 0.069 0.877 0.052 0.028
0 0.218 0.878 0.084 0.016
0 0.559 0.878 0.111 0.017
1 0.893 0.936 0.138 0.084
1 0.069 0.959 0.027 0.032
1 0.398 0.959 0.051 0.027
0 0.211 0.960 0.070 0.016
0 0.570 0.960 0.131 0.016
4 0.500 0.018 0.999 0.035
