3 0.500 0.949 0.999 0.103
0 0.372 0.850 0.379 0.025
2 0.090 0.847 0.097 0.059
0 0.241 0.756 0.117 0.020
2 0.091 0.755 0.096 0.059
0 0.234 0.664 0.105 0.020
2 0.091 0.663 0.098 0.059
0 0.236 0.571 0.110 0.020
2 0.090 0.570 0.096 0.058
0 0.274 0.481 0.183 0.023
2 0.090 0.478 0.097 0.058
0 0.231 0.387 0.098 0.020
2 0.090 0.386 0.097 0.059
0 0.254 0.294 0.144 0.020
2 0.090 0.293 0.096 0.060
0 0.347 0.203 0.329 0.026
2 0.091 0.209 0.098 0.043
0 0.750 0.153 0.204 0.015
0 0.251 0.153 0.172 0.015
0 0.347 0.077 0.338 0.025
1 0.941 0.076 0.045 0.027
1 0.069 0.077 0.043 0.025
4 0.500 0.018 0.999 0.035
