1 0.069 0.076 0.044 0.028
0 0.337 0.077 0.395 0.025
7 0.493 0.156 0.932 0.028
0 0.089 0.156 0.124 0.019
7 0.493 0.231 0.933 0.028
0 0.096 0.231 0.141 0.019
7 0.494 0.307 0.933 0.027
0 0.180 0.307 0.306 0.018
7 0.493 0.382 0.932 0.028
0 0.193 0.382 0.332 0.019
7 0.493 0.458 0.933 0.028
0 0.112 0.458 0.171 0.019
7 0.493 0.534 0.935 0.027
0 0.112 0.536 0.174 0.023
7 0.493 0.609 0.932 0.028
0 0.224 0.611 0.394 0.023
7 0.493 0.685 0.933 0.028
0 0.102 0.687 0.153 0.023
7 0.493 0.760 0.933 0.028
0 0.064 0.761 0.077 0.019
7 0.494 0.836 0.933 0.028
0 0.113 0.836 0.173 0.019
7 0.493 0.912 0.934 0.027
0 0.123 0.912 0.194 0.019
4 0.500 0.018 0.999 0.035
