0 0.175 0.251 0.120 0.018
0 0.169 0.330 0.113 0.018
0 0.217 0.407 0.207 0.020
0 0.229 0.489 0.234 0.023
0 0.221 0.567 0.216 0.023
0 0.248 0.643 0.268 0.019
0 0.201 0.725 0.177 0.023
0 0.222 0.800 0.215 0.019
0 0.262 0.882 0.296 0.022
0 0.341 0.960 0.451 0.023
1 0.056 0.957 0.039 0.023
1 0.056 0.879 0.042 0.017
1 0.057 0.800 0.043 0.020
1 0.055 0.722 0.040 0.025
2 0.057 0.643 0.038 0.022
1 0.056 0.564 0.035 0.023
1 0.055 0.486 0.040 0.024
1 0.057 0.408 0.032 0.023
1 0.056 0.330 0.033 0.021
1 0.058 0.251 0.038 0.020
1 0.636 0.123 0.028 0.025
0 0.308 0.143 0.183 0.020
0 0.344 0.110 0.251 0.026
1 0.111 0.123 0.172 0.103
4 0.500 0.018 0.999 0.035
