2 0.742 0.444 0.462 0.206
2 0.256 0.444 0.464 0.205
1 0.707 0.077 0.051 0.031
1 0.825 0.077 0.047 0.028
1 0.942 0.077 0.044 0.027
0 0.859 0.154 0.282 0.016
0 0.363 0.153 0.120 0.017
0 0.123 0.153 0.126 0.017
0 0.218 0.077 0.160 0.022
1 0.069 0.076 0.048 0.022
0 0.083 0.601 0.087 0.017
0 0.154 0.945 0.162 0.015
2 0.155 0.880 0.104 0.065
0 0.846 0.767 0.109 0.016
0 0.616 0.777 0.209 0.035
0 0.386 0.769 0.125 0.018
0 0.156 0.767 0.111 0.016
1 0.846 0.703 0.119 0.072
2 0.624 0.703 0.102 0.073
2 0.386 0.703 0.116 0.065
1 0.155 0.703 0.094 0.057
0 0.884 0.610 0.098 0.017
1 0.768 0.610 0.061 0.037
4 0.500 0.018 0.999 0.035
