0 0.177 0.970 0.065 0.018
0 0.185 0.905 0.085 0.018
0 0.245 0.843 0.206 0.021
0 0.204 0.776 0.119 0.017
0 0.225 0.715 0.165 0.021
0 0.242 0.648 0.198 0.018
0 0.228 0.584 0.170 0.017
0 0.235 0.521 0.185 0.021
0 0.183 0.455 0.081 0.017
0 0.180 0.391 0.070 0.017
0 0.206 0.329 0.128 0.022
0 0.203 0.263 0.117 0.017
0 0.195 0.198 0.109 0.017
0 0.198 0.134 0.111 0.018
2 0.082 0.326 0.080 0.047
0 0.501 0.070 0.498 0.022
1 0.056 0.069 0.043 0.026
1 0.929 0.969 0.039 0.021
1 0.927 0.906 0.039 0.021
1 0.928 0.841 0.037 0.021
1 0.929 0.777 0.035 0.020
1 0.927 0.713 0.039 0.021
1 0.926 0.648 0.037 0.021
1 0.928 0.584 0.037 0.021
1 0.928 0.519 0.037 0.021
1 0.928 0.454 0.037 0.021
1 0.926 0.391 0.037 0.021
1 0.928 0.327 0.037 0.020
1 0.926 0.263 0.037 0.021
1 0.928 0.197 0.037 0.020
1 0.928 0.133 0.037 0.021
2 0.081 0.261 0.052 0.048
2 0.082 0.133 0.080 0.050
2 0.081 0.969 0.069 0.048
2 0.081 0.905 0.080 0.048
2 0.081 0.841 0.080 0.049
2 0.081 0.776 0.056 0.049
2 0.082 0.712 0.080 0.048
2 0.081 0.646 0.057 0.048
2 0.081 0.584 0.080 0.048
2 0.081 0.518 0.076 0.049
2 0.081 0.454 0.076 0.049
2 0.081 0.390 0.070 0.049
2 0.081 0.197 0.063 0.048
4 0.501 0.017 0.998 0.032
