1 0.128 0.112 0.178 0.108
0 0.705 0.216 0.202 0.022
0 0.147 0.206 0.213 0.023
0 0.160 0.239 0.243 0.019
0 0.224 0.319 0.093 0.018
0 0.299 0.382 0.246 0.019
0 0.318 0.445 0.280 0.022
0 0.346 0.507 0.337 0.022
0 0.350 0.569 0.348 0.023
0 0.367 0.629 0.378 0.020
0 0.274 0.693 0.193 0.023
0 0.088 0.749 0.094 0.019
0 0.252 0.801 0.148 0.019
0 0.256 0.865 0.156 0.023
1 0.070 0.863 0.048 0.031
1 0.070 0.801 0.052 0.028
1 0.070 0.690 0.052 0.029
2 0.070 0.628 0.052 0.029
1 0.070 0.567 0.052 0.031
1 0.069 0.505 0.054 0.031
1 0.070 0.443 0.052 0.028
1 0.067 0.381 0.044 0.031
1 0.069 0.321 0.050 0.026
3 0.423 0.964 0.843 0.072
4 0.501 0.019 0.998 0.036
