2 0.069 0.514 0.056 0.031
1 0.946 0.077 0.015 0.027
0 0.266 0.080 0.180 0.031
1 0.068 0.076 0.043 0.025
0 0.101 0.161 0.123 0.022
0 0.287 0.236 0.225 0.022
0 0.331 0.306 0.307 0.022
0 0.282 0.377 0.211 0.022
0 0.302 0.446 0.255 0.022
0 0.325 0.516 0.297 0.022
0 0.317 0.586 0.285 0.022
0 0.082 0.675 0.084 0.018
0 0.255 0.753 0.160 0.022
0 0.294 0.821 0.237 0.018
3 0.384 0.912 0.766 0.059
3 0.384 0.971 0.766 0.059
1 0.069 0.751 0.045 0.028
2 0.069 0.821 0.052 0.031
1 0.069 0.584 0.050 0.031
2 0.069 0.444 0.046 0.034
2 0.069 0.374 0.055 0.019
1 0.068 0.304 0.044 0.031
2 0.069 0.235 0.045 0.028
4 0.500 0.018 0.999 0.035
