0 0.141 0.088 0.152 0.018
0 0.894 0.089 0.087 0.018
7 0.169 0.155 0.180 0.029
0 0.201 0.156 0.117 0.018
7 0.165 0.202 0.170 0.029
0 0.197 0.203 0.106 0.018
7 0.209 0.249 0.259 0.029
0 0.242 0.249 0.194 0.019
7 0.210 0.295 0.261 0.028
0 0.243 0.295 0.196 0.018
7 0.261 0.342 0.363 0.029
0 0.293 0.343 0.300 0.019
7 0.181 0.389 0.202 0.028
0 0.212 0.389 0.139 0.018
7 0.164 0.435 0.169 0.028
0 0.195 0.436 0.106 0.018
7 0.157 0.482 0.156 0.028
0 0.190 0.483 0.091 0.019
7 0.160 0.529 0.161 0.028
0 0.192 0.532 0.098 0.022
7 0.234 0.576 0.309 0.028
0 0.266 0.577 0.246 0.022
7 0.185 0.623 0.211 0.028
0 0.217 0.625 0.148 0.021
7 0.149 0.669 0.139 0.028
0 0.180 0.671 0.078 0.018
7 0.219 0.716 0.280 0.028
0 0.252 0.719 0.215 0.021
7 0.147 0.763 0.135 0.029
0 0.180 0.763 0.070 0.019
7 0.158 0.809 0.157 0.029
0 0.190 0.810 0.094 0.018
7 0.208 0.856 0.257 0.029
0 0.241 0.857 0.193 0.018
0 0.744 0.941 0.106 0.018
0 0.884 0.941 0.080 0.017
4 0.501 0.019 0.998 0.036
