0 0.228 0.264 0.167 0.018
0 0.309 0.358 0.330 0.021
1 0.085 0.245 0.074 0.042
2 0.085 0.337 0.074 0.043
2 0.085 0.420 0.074 0.043
2 0.085 0.507 0.070 0.042
1 0.084 0.577 0.072 0.042
2 0.084 0.649 0.072 0.043
1 0.084 0.720 0.072 0.043
1 0.084 0.792 0.072 0.042
1 0.084 0.879 0.072 0.043
1 0.085 0.950 0.074 0.045
0 0.221 0.953 0.157 0.028
0 0.267 0.879 0.241 0.026
0 0.269 0.794 0.246 0.028
0 0.347 0.724 0.406 0.029
0 0.338 0.649 0.387 0.023
0 0.261 0.578 0.233 0.023
0 0.255 0.510 0.220 0.028
0 0.253 0.423 0.213 0.029
0 0.269 0.327 0.244 0.029
0 0.259 0.235 0.226 0.028
2 0.085 0.164 0.074 0.045
0 0.265 0.076 0.241 0.023
1 0.086 0.076 0.072 0.045
0 0.306 0.166 0.328 0.029
4 0.501 0.019 0.998 0.036
