1 0.167 0.121 0.089 0.054
0 0.561 0.126 0.627 0.052
7 0.494 0.231 0.741 0.031
0 0.194 0.230 0.141 0.019
7 0.494 0.302 0.741 0.031
0 0.194 0.301 0.142 0.018
7 0.494 0.373 0.739 0.031
0 0.206 0.372 0.161 0.019
7 0.494 0.444 0.739 0.031
0 0.206 0.443 0.162 0.019
7 0.494 0.515 0.739 0.031
0 0.206 0.514 0.161 0.019
7 0.494 0.586 0.739 0.031
0 0.194 0.586 0.139 0.018
7 0.494 0.657 0.742 0.031
0 0.194 0.657 0.141 0.019
7 0.494 0.728 0.741 0.031
0 0.194 0.727 0.141 0.019
7 0.494 0.799 0.741 0.031
0 0.194 0.798 0.141 0.018
7 0.494 0.870 0.739 0.031
0 0.194 0.870 0.139 0.019
0 0.840 0.942 0.089 0.016
4 0.500 0.018 0.999 0.035
