4 0.500 0.018 0.999 0.035
0 0.153 0.161 0.222 0.017
5 0.500 0.209 0.922 0.060
0 0.221 0.207 0.324 0.017
5 0.500 0.310 0.922 0.060
0 0.126 0.311 0.139 0.022
3 0.500 0.384 0.922 0.060
5 0.500 0.457 0.922 0.059
0 0.087 0.458 0.058 0.021
0 0.231 0.529 0.378 0.021
3 0.500 0.576 0.922 0.060
1 0.935 0.576 0.017 0.010
0 0.177 0.647 0.279 0.016
3 0.500 0.696 0.922 0.060
1 0.937 0.696 0.016 0.011
0 0.217 0.769 0.354 0.020
5 0.500 0.816 0.922 0.060
1 0.919 0.809 0.023 0.017
0 0.156 0.815 0.194 0.016
0 0.228 0.887 0.374 0.017
5 0.500 0.936 0.922 0.060
1 0.914 0.935 0.031 0.020
0 0.155 0.935 0.190 0.017
