0 0.311 0.217 0.370 0.029
0 0.454 0.270 0.660 0.025
0 0.335 0.311 0.421 0.026
7 0.261 0.357 0.244 0.027
0 0.306 0.358 0.156 0.021
7 0.238 0.423 0.199 0.031
0 0.282 0.425 0.111 0.026
7 0.355 0.488 0.431 0.032
0 0.398 0.489 0.345 0.029
7 0.236 0.551 0.194 0.028
0 0.281 0.552 0.106 0.022
7 0.219 0.616 0.159 0.028
0 0.263 0.617 0.070 0.021
7 0.250 0.681 0.221 0.028
0 0.294 0.681 0.133 0.022
7 0.262 0.747 0.245 0.031
0 0.305 0.749 0.159 0.027
0 0.605 0.827 0.130 0.017
0 0.802 0.827 0.149 0.017
4 0.500 0.018 0.999 0.035
