0 0.319 0.099 0.213 0.032
7 0.487 0.179 0.742 0.030
0 0.255 0.181 0.276 0.027
7 0.487 0.250 0.742 0.030
0 0.259 0.251 0.286 0.029
7 0.487 0.320 0.741 0.027
0 0.156 0.320 0.078 0.022
7 0.486 0.392 0.743 0.030
0 0.195 0.394 0.160 0.028
7 0.487 0.463 0.741 0.030
0 0.190 0.465 0.146 0.026
7 0.487 0.535 0.742 0.030
0 0.216 0.536 0.200 0.027
7 0.487 0.604 0.741 0.027
0 0.253 0.605 0.273 0.021
7 0.487 0.675 0.744 0.027
0 0.161 0.675 0.093 0.023
7 0.486 0.746 0.743 0.027
0 0.207 0.747 0.184 0.022
7 0.487 0.817 0.741 0.028
0 0.211 0.818 0.188 0.021
7 0.487 0.888 0.741 0.027
0 0.192 0.888 0.150 0.023
3 0.500 0.952 0.851 0.073
4 0.500 0.018 0.999 0.035
