2 0.500 0.760 0.921 0.339
0 0.194 0.550 0.188 0.016
0 0.500 0.550 0.081 0.016
0 0.807 0.550 0.138 0.016
2 0.807 0.515 0.051 0.031
2 0.500 0.515 0.045 0.027
1 0.193 0.515 0.051 0.031
1 0.932 0.385 0.049 0.028
1 0.198 0.438 0.190 0.021
0 0.525 0.966 0.706 0.020
1 0.069 0.965 0.036 0.031
0 0.408 0.438 0.200 0.017
0 0.060 0.438 0.043 0.017
0 0.337 0.390 0.587 0.034
6 0.501 0.305 0.150 0.011
3 0.194 0.317 0.310 0.018
1 0.935 0.077 0.015 0.026
1 0.069 0.077 0.041 0.025
2 0.500 0.185 0.999 0.309
4 0.500 0.015 0.999 0.030
