2 0.070 0.072 0.070 0.043
1 0.360 0.072 0.069 0.041
1 0.500 0.071 0.063 0.038
1 0.646 0.071 0.063 0.035
1 0.792 0.072 0.065 0.039
1 0.931 0.062 0.052 0.029
0 0.931 0.089 0.078 0.014
0 0.173 0.153 0.109 0.023
0 0.529 0.156 0.291 0.026
0 0.521 0.249 0.269 0.026
0 0.595 0.343 0.420 0.025
0 0.439 0.435 0.104 0.021
0 0.505 0.531 0.239 0.025
0 0.459 0.653 0.144 0.021
0 0.442 0.747 0.113 0.022
0 0.456 0.843 0.146 0.025
0 0.455 0.936 0.135 0.025
0 0.172 0.247 0.141 0.021
0 0.172 0.342 0.163 0.021
0 0.173 0.435 0.091 0.021
0 0.173 0.529 0.131 0.021
4 0.501 0.019 0.998 0.036
