0 0.134 0.880 0.190 0.022
0 0.090 0.850 0.097 0.020
0 0.333 0.772 0.587 0.023
0 0.143 0.742 0.207 0.020
7 0.922 0.647 0.046 0.028
0 0.147 0.665 0.215 0.022
0 0.276 0.636 0.473 0.025
7 0.922 0.539 0.046 0.028
0 0.061 0.556 0.041 0.017
0 0.199 0.526 0.318 0.020
7 0.922 0.431 0.046 0.028
0 0.061 0.448 0.042 0.017
0 0.129 0.418 0.174 0.020
7 0.922 0.323 0.046 0.028
0 0.061 0.340 0.041 0.017
0 0.094 0.311 0.108 0.020
0 0.119 0.230 0.156 0.019
7 0.922 0.135 0.046 0.028
0 0.061 0.152 0.041 0.017
0 0.218 0.124 0.354 0.023
0 0.265 0.045 0.179 0.030
1 0.069 0.041 0.042 0.025
