1 0.794 0.072 0.059 0.037
1 0.931 0.072 0.037 0.035
0 0.231 0.060 0.215 0.022
0 0.339 0.089 0.433 0.019
2 0.072 0.071 0.085 0.049
1 0.016 0.071 0.028 0.028
1 0.068 0.156 0.057 0.031
1 0.067 0.256 0.063 0.036
2 0.068 0.355 0.065 0.038
1 0.068 0.453 0.046 0.038
2 0.068 0.552 0.065 0.039
1 0.068 0.651 0.050 0.031
1 0.068 0.749 0.061 0.038
1 0.068 0.848 0.050 0.029
1 0.069 0.948 0.059 0.029
0 0.186 0.157 0.117 0.022
0 0.263 0.258 0.274 0.027
0 0.247 0.355 0.239 0.023
0 0.223 0.456 0.187 0.029
0 0.248 0.553 0.241 0.022
0 0.182 0.652 0.113 0.023
0 0.234 0.751 0.213 0.023
0 0.208 0.852 0.161 0.028
0 0.193 0.952 0.130 0.028
4 0.501 0.019 0.998 0.036
