1 0.932 0.076 0.061 0.036
2 0.342 0.123 0.294 0.080
0 0.256 0.773 0.157 0.017
0 0.249 0.677 0.146 0.017
0 0.331 0.607 0.307 0.017
0 0.262 0.512 0.172 0.017
0 0.255 0.442 0.157 0.017
0 0.262 0.372 0.172 0.017
0 0.265 0.302 0.174 0.017
0 0.134 0.234 0.187 0.022
1 0.623 0.231 0.043 0.026
2 0.060 0.302 0.043 0.026
2 0.059 0.372 0.041 0.026
2 0.059 0.441 0.041 0.025
1 0.059 0.512 0.041 0.025
1 0.059 0.607 0.041 0.023
1 0.059 0.677 0.041 0.025
1 0.058 0.773 0.024 0.025
3 0.342 0.965 0.680 0.070
4 0.501 0.019 0.998 0.036
