0 0.465 0.080 0.347 0.050
0 0.469 0.157 0.351 0.026
0 0.166 0.232 0.251 0.017
0 0.296 0.302 0.236 0.022
0 0.255 0.372 0.156 0.021
0 0.299 0.443 0.243 0.021
0 0.252 0.513 0.152 0.021
0 0.206 0.596 0.332 0.018
0 0.338 0.667 0.323 0.026
0 0.332 0.739 0.314 0.028
0 0.319 0.807 0.283 0.023
0 0.422 0.879 0.489 0.027
0 0.120 0.960 0.160 0.018
2 0.069 0.301 0.060 0.036
1 0.069 0.372 0.060 0.037
1 0.069 0.442 0.060 0.036
1 0.069 0.512 0.060 0.036
2 0.069 0.666 0.060 0.037
1 0.069 0.736 0.060 0.036
2 0.069 0.806 0.060 0.036
2 0.069 0.877 0.060 0.036
2 0.123 0.110 0.244 0.149
4 0.500 0.018 0.999 0.035
