0 0.194 0.905 0.115 0.019
0 0.239 0.878 0.207 0.022
2 0.820 0.890 0.059 0.030
0 0.252 0.727 0.426 0.019
0 0.412 0.664 0.746 0.042
0 0.269 0.622 0.461 0.018
0 0.415 0.560 0.752 0.046
0 0.250 0.516 0.419 0.018
0 0.407 0.364 0.737 0.046
0 0.239 0.320 0.396 0.018
0 0.368 0.258 0.654 0.046
0 0.214 0.214 0.350 0.018
0 0.403 0.152 0.728 0.048
1 0.932 0.076 0.061 0.037
1 0.069 0.076 0.056 0.028
2 0.062 0.890 0.109 0.066
2 0.939 0.890 0.041 0.035
3 0.807 0.800 0.307 0.093
3 0.501 0.800 0.306 0.093
3 0.193 0.799 0.307 0.094
2 0.501 0.469 0.035 0.020
0 0.129 0.447 0.180 0.018
0 0.502 0.071 0.300 0.018
4 0.501 0.019 0.998 0.036
