0 0.098 0.471 0.100 0.012
0 0.122 0.512 0.144 0.027
1 0.890 0.499 0.124 0.075
1 0.932 0.077 0.061 0.038
1 0.069 0.077 0.052 0.028
0 0.617 0.954 0.211 0.036
0 0.386 0.944 0.109 0.016
0 0.155 0.944 0.165 0.016
2 0.624 0.880 0.104 0.075
1 0.386 0.881 0.120 0.072
2 0.156 0.880 0.104 0.066
0 0.846 0.769 0.126 0.019
0 0.616 0.768 0.143 0.017
0 0.386 0.767 0.098 0.016
0 0.156 0.768 0.113 0.017
2 0.847 0.703 0.117 0.066
2 0.617 0.703 0.115 0.069
2 0.386 0.703 0.102 0.060
1 0.156 0.703 0.096 0.058
0 0.079 0.614 0.076 0.019
4 0.501 0.019 0.998 0.036
