2 0.100 0.098 0.122 0.074
0 0.132 0.171 0.183 0.018
0 0.235 0.200 0.389 0.023
2 0.341 0.136 0.678 0.198
0 0.215 0.282 0.081 0.022
0 0.230 0.351 0.107 0.020
0 0.268 0.422 0.180 0.019
0 0.273 0.493 0.191 0.018
0 0.332 0.563 0.309 0.018
0 0.221 0.658 0.091 0.018
0 0.256 0.729 0.157 0.019
0 0.244 0.798 0.135 0.018
0 0.255 0.871 0.154 0.022
0 0.220 0.939 0.085 0.018
1 0.070 0.936 0.048 0.031
1 0.070 0.868 0.052 0.023
2 0.070 0.798 0.052 0.032
1 0.069 0.727 0.039 0.028
1 0.069 0.657 0.054 0.032
2 0.070 0.562 0.048 0.028
1 0.069 0.492 0.054 0.030
2 0.069 0.422 0.044 0.032
1 0.069 0.352 0.046 0.028
1 0.070 0.282 0.048 0.031
4 0.501 0.019 0.998 0.036
