0 0.253 0.299 0.154 0.018
0 0.220 0.368 0.089 0.019
0 0.207 0.439 0.063 0.018
0 0.246 0.509 0.137 0.018
0 0.265 0.581 0.181 0.023
0 0.284 0.649 0.217 0.019
0 0.226 0.721 0.104 0.022
0 0.236 0.790 0.124 0.019
0 0.227 0.860 0.102 0.018
0 0.224 0.933 0.100 0.020
1 0.071 0.929 0.050 0.023
1 0.069 0.860 0.054 0.030
2 0.070 0.789 0.063 0.035
2 0.069 0.719 0.065 0.035
2 0.069 0.649 0.050 0.029
2 0.069 0.578 0.039 0.035
1 0.069 0.508 0.054 0.031
2 0.071 0.439 0.043 0.028
2 0.069 0.368 0.054 0.032
1 0.069 0.299 0.054 0.029
0 0.230 0.227 0.378 0.023
0 0.134 0.198 0.187 0.022
1 0.119 0.106 0.159 0.095
1 0.710 0.210 0.028 0.010
4 0.501 0.016 0.998 0.029
