1 0.941 0.077 0.051 0.032
1 0.936 0.155 0.046 0.028
0 0.290 0.086 0.197 0.021
0 0.354 0.114 0.325 0.021
1 0.103 0.097 0.134 0.081
0 0.107 0.197 0.140 0.021
2 0.710 0.196 0.066 0.040
0 0.271 0.295 0.067 0.025
0 0.344 0.409 0.215 0.026
0 0.347 0.524 0.217 0.026
0 0.325 0.637 0.173 0.020
0 0.287 0.752 0.097 0.021
0 0.418 0.869 0.358 0.025
0 0.122 0.952 0.174 0.016
1 0.107 0.866 0.116 0.071
1 0.107 0.751 0.117 0.069
1 0.107 0.636 0.116 0.070
2 0.107 0.521 0.117 0.070
2 0.108 0.406 0.068 0.030
1 0.107 0.291 0.117 0.070
4 0.500 0.018 0.999 0.035
