0 0.893 0.964 0.093 0.019
0 0.502 0.716 0.089 0.019
0 0.808 0.331 0.146 0.018
0 0.681 0.965 0.131 0.019
2 0.808 0.828 0.176 0.106
2 0.503 0.829 0.172 0.104
2 0.192 0.829 0.172 0.104
2 0.810 0.635 0.172 0.104
2 0.500 0.635 0.178 0.107
2 0.192 0.635 0.172 0.104
2 0.809 0.443 0.178 0.108
2 0.501 0.442 0.176 0.106
2 0.192 0.443 0.172 0.104
2 0.808 0.250 0.176 0.107
2 0.503 0.251 0.176 0.107
2 0.193 0.250 0.178 0.107
0 0.502 0.912 0.259 0.022
0 0.807 0.912 0.200 0.022
0 0.194 0.910 0.124 0.018
0 0.810 0.719 0.169 0.022
0 0.194 0.720 0.183 0.021
0 0.808 0.523 0.172 0.019
0 0.502 0.525 0.163 0.019
0 0.194 0.523 0.217 0.019
0 0.501 0.332 0.135 0.022
0 0.192 0.331 0.202 0.018
0 0.401 0.124 0.728 0.022
0 0.264 0.093 0.450 0.023
4 0.501 0.019 0.998 0.036
