1 0.945 0.077 0.013 0.027
0 0.263 0.077 0.096 0.023
1 0.108 0.089 0.139 0.085
0 0.242 0.187 0.128 0.023
0 0.297 0.246 0.243 0.020
0 0.255 0.310 0.157 0.022
0 0.260 0.370 0.169 0.019
0 0.348 0.433 0.344 0.023
0 0.264 0.492 0.176 0.019
0 0.263 0.554 0.170 0.019
0 0.239 0.642 0.130 0.022
0 0.256 0.703 0.161 0.023
1 0.065 0.701 0.033 0.027
1 0.065 0.640 0.044 0.027
1 0.065 0.554 0.044 0.026
1 0.064 0.492 0.046 0.026
1 0.065 0.430 0.044 0.025
1 0.065 0.370 0.044 0.023
1 0.065 0.308 0.041 0.027
1 0.065 0.247 0.044 0.021
2 0.065 0.185 0.044 0.027
4 0.501 0.019 0.998 0.036
