1 0.125 0.111 0.173 0.104
0 0.113 0.196 0.144 0.028
0 0.170 0.238 0.265 0.026
1 0.593 0.214 0.029 0.017
3 0.503 0.215 0.135 0.045
0 0.212 0.323 0.105 0.019
0 0.257 0.349 0.192 0.018
0 0.238 0.395 0.156 0.020
0 0.332 0.422 0.348 0.018
0 0.235 0.469 0.150 0.020
0 0.264 0.495 0.212 0.017
0 0.232 0.544 0.144 0.024
0 0.352 0.569 0.384 0.018
0 0.209 0.615 0.095 0.019
0 0.294 0.640 0.269 0.015
0 0.149 0.700 0.219 0.021
0 0.234 0.770 0.156 0.016
0 0.322 0.795 0.334 0.020
1 0.086 0.781 0.098 0.059
1 0.069 0.624 0.039 0.025
1 0.069 0.551 0.052 0.032
1 0.068 0.478 0.055 0.032
1 0.068 0.404 0.058 0.021
1 0.068 0.332 0.039 0.032
4 0.500 0.018 0.999 0.035
