2 0.142 0.197 0.075 0.044
0 0.342 0.198 0.278 0.025
7 0.493 0.283 0.776 0.030
0 0.222 0.285 0.235 0.027
7 0.493 0.355 0.775 0.030
0 0.207 0.356 0.204 0.027
7 0.492 0.426 0.777 0.031
0 0.275 0.426 0.343 0.029
7 0.492 0.497 0.777 0.030
0 0.270 0.497 0.332 0.029
7 0.493 0.568 0.775 0.030
0 0.271 0.569 0.331 0.029
7 0.493 0.639 0.776 0.031
0 0.282 0.640 0.356 0.029
7 0.493 0.710 0.776 0.030
0 0.282 0.710 0.356 0.028
7 0.494 0.780 0.774 0.030
0 0.296 0.781 0.379 0.028
3 0.282 0.850 0.437 0.071
3 0.719 0.850 0.436 0.071
