7 0.922 0.785 0.046 0.028
7 0.922 0.677 0.046 0.028
7 0.922 0.569 0.046 0.028
0 0.234 0.989 0.386 0.023
0 0.314 0.911 0.546 0.022
0 0.199 0.882 0.316 0.025
0 0.298 0.803 0.518 0.022
0 0.152 0.772 0.223 0.019
0 0.399 0.695 0.720 0.021
0 0.100 0.664 0.123 0.020
0 0.374 0.587 0.668 0.021
0 0.202 0.559 0.325 0.023
0 0.150 0.476 0.218 0.020
7 0.923 0.475 0.045 0.028
0 0.165 0.423 0.250 0.022
0 0.199 0.345 0.318 0.024
0 0.169 0.290 0.256 0.021
0 0.178 0.213 0.276 0.024
0 0.189 0.157 0.298 0.021
0 0.265 0.081 0.179 0.028
1 0.069 0.077 0.041 0.025
4 0.500 0.018 0.999 0.035
