0 0.236 0.080 0.180 0.031
0 0.197 0.151 0.098 0.018
0 0.216 0.218 0.139 0.020
0 0.279 0.288 0.262 0.023
0 0.235 0.354 0.174 0.020
0 0.228 0.424 0.159 0.023
0 0.317 0.491 0.338 0.023
0 0.214 0.559 0.133 0.023
0 0.228 0.625 0.158 0.018
0 0.244 0.693 0.191 0.018
1 0.068 0.076 0.043 0.025
1 0.069 0.151 0.046 0.017
2 0.069 0.218 0.046 0.025
1 0.069 0.286 0.059 0.025
1 0.069 0.354 0.046 0.031
1 0.068 0.421 0.051 0.025
2 0.069 0.489 0.046 0.025
1 0.069 0.557 0.051 0.031
1 0.068 0.624 0.051 0.030
2 0.068 0.692 0.051 0.031
3 0.292 0.965 0.582 0.070
4 0.500 0.018 0.999 0.035
