0 0.239 0.410 0.128 0.018
2 0.422 0.094 0.302 0.060
0 0.218 0.200 0.084 0.017
0 0.246 0.272 0.140 0.022
0 0.259 0.340 0.168 0.017
0 0.225 0.480 0.100 0.018
0 0.300 0.578 0.247 0.021
0 0.281 0.648 0.212 0.021
0 0.238 0.719 0.126 0.021
0 0.254 0.788 0.158 0.021
0 0.124 0.882 0.168 0.017
0 0.141 0.952 0.204 0.018
1 0.069 0.786 0.045 0.031
1 0.069 0.716 0.057 0.035
1 0.069 0.645 0.060 0.023
1 0.069 0.576 0.060 0.029
2 0.069 0.480 0.060 0.027
2 0.069 0.410 0.057 0.036
1 0.069 0.339 0.060 0.030
1 0.069 0.269 0.060 0.025
1 0.069 0.199 0.061 0.024
4 0.500 0.018 0.999 0.035
