0 0.289 0.980 0.241 0.026
2 0.085 0.978 0.059 0.031
0 0.359 0.747 0.381 0.025
0 0.340 0.678 0.343 0.025
1 0.086 0.744 0.054 0.026
1 0.085 0.676 0.052 0.029
0 0.279 0.537 0.220 0.021
1 0.086 0.537 0.043 0.031
0 0.265 0.205 0.430 0.027
0 0.311 0.884 0.289 0.021
0 0.704 0.882 0.015 0.019
1 0.086 0.883 0.054 0.031
0 0.413 0.817 0.489 0.026
1 0.086 0.814 0.054 0.031
0 0.360 0.606 0.383 0.020
1 0.086 0.606 0.054 0.030
0 0.285 0.445 0.233 0.026
1 0.086 0.443 0.054 0.029
0 0.241 0.374 0.144 0.019
2 0.087 0.373 0.056 0.029
0 0.238 0.304 0.139 0.021
2 0.086 0.303 0.050 0.029
2 0.390 0.098 0.702 0.078
4 0.501 0.019 0.998 0.036
