0 0.311 0.977 0.219 0.018
0 0.112 0.978 0.134 0.020
1 0.475 0.077 0.026 0.008
0 0.266 0.078 0.205 0.018
1 0.917 0.946 0.066 0.037
2 0.500 0.823 0.952 0.142
0 0.443 0.933 0.795 0.044
0 0.302 0.715 0.219 0.019
0 0.108 0.716 0.124 0.020
1 0.917 0.685 0.062 0.036
0 0.438 0.671 0.786 0.044
2 0.501 0.478 0.952 0.308
0 0.269 0.288 0.153 0.020
0 0.108 0.288 0.124 0.020
1 0.918 0.257 0.064 0.036
0 0.332 0.231 0.573 0.022
2 0.500 0.160 0.952 0.086
1 0.941 0.076 0.044 0.028
1 0.069 0.077 0.053 0.021
4 0.500 0.018 0.999 0.035
