0 0.358 0.978 0.156 0.021
1 0.248 0.162 0.048 0.016
0 0.146 0.163 0.101 0.023
2 0.500 0.867 0.951 0.052
0 0.153 0.976 0.213 0.017
1 0.919 0.948 0.063 0.038
0 0.176 0.919 0.261 0.018
0 0.398 0.805 0.155 0.020
0 0.172 0.803 0.251 0.017
1 0.917 0.775 0.067 0.037
0 0.375 0.746 0.656 0.017
2 0.500 0.567 0.952 0.308
0 0.358 0.377 0.154 0.020
0 0.152 0.375 0.212 0.016
1 0.917 0.346 0.064 0.037
0 0.267 0.320 0.444 0.021
2 0.500 0.248 0.951 0.089
1 0.047 0.162 0.047 0.028
0 0.300 0.077 0.305 0.023
1 0.941 0.076 0.044 0.027
1 0.069 0.076 0.053 0.020
4 0.500 0.018 0.999 0.035
