0 0.248 0.559 0.145 0.017
2 0.125 0.110 0.158 0.095
0 0.178 0.203 0.253 0.021
0 0.246 0.277 0.140 0.017
0 0.249 0.350 0.148 0.021
0 0.233 0.418 0.113 0.017
0 0.249 0.490 0.145 0.021
0 0.269 0.628 0.185 0.017
0 0.238 0.700 0.125 0.022
0 0.226 0.768 0.101 0.018
0 0.245 0.838 0.138 0.018
0 0.211 0.934 0.070 0.017
1 0.069 0.934 0.060 0.025
1 0.069 0.838 0.047 0.031
2 0.069 0.768 0.045 0.027
2 0.069 0.698 0.050 0.030
1 0.069 0.628 0.051 0.025
1 0.068 0.557 0.048 0.032
2 0.069 0.487 0.056 0.027
2 0.069 0.418 0.056 0.029
1 0.069 0.347 0.047 0.025
1 0.069 0.276 0.051 0.026
4 0.500 0.018 0.999 0.035
