0 0.315 0.077 0.319 0.022
0 0.263 0.992 0.170 0.016
2 0.089 0.988 0.059 0.023
0 0.235 0.910 0.122 0.019
2 0.090 0.911 0.057 0.036
0 0.247 0.827 0.139 0.019
2 0.091 0.827 0.059 0.036
0 0.234 0.743 0.117 0.019
2 0.089 0.744 0.059 0.036
0 0.212 0.659 0.069 0.019
2 0.089 0.660 0.059 0.036
0 0.350 0.577 0.344 0.021
2 0.089 0.576 0.059 0.036
0 0.275 0.496 0.194 0.023
2 0.088 0.493 0.057 0.036
0 0.228 0.410 0.100 0.019
2 0.089 0.409 0.059 0.036
0 0.247 0.326 0.139 0.019
2 0.088 0.326 0.057 0.035
0 0.236 0.242 0.117 0.019
2 0.089 0.242 0.059 0.036
0 0.244 0.161 0.130 0.023
2 0.089 0.159 0.059 0.036
1 0.069 0.077 0.043 0.026
4 0.501 0.019 0.998 0.036
