2 0.385 0.638 0.109 0.066
2 0.851 0.979 0.106 0.041
2 0.615 0.979 0.118 0.043
2 0.385 0.979 0.118 0.043
2 0.155 0.980 0.114 0.040
0 0.845 0.878 0.063 0.016
0 0.615 0.890 0.169 0.038
0 0.386 0.882 0.056 0.016
0 0.155 0.889 0.163 0.036
2 0.846 0.815 0.119 0.051
2 0.615 0.815 0.119 0.071
2 0.385 0.815 0.098 0.064
2 0.155 0.815 0.114 0.066
0 0.846 0.703 0.076 0.019
0 0.616 0.701 0.104 0.014
0 0.386 0.702 0.097 0.015
0 0.156 0.701 0.111 0.016
2 0.846 0.637 0.111 0.067
2 0.615 0.638 0.116 0.070
1 0.156 0.638 0.094 0.058
0 0.180 0.550 0.281 0.022
4 0.500 0.018 0.999 0.035
