0 0.975 0.155 0.050 0.021
0 0.737 0.154 0.193 0.022
0 0.396 0.155 0.256 0.022
0 0.106 0.154 0.091 0.016
0 0.254 0.968 0.208 0.025
0 0.747 0.952 0.144 0.020
0 0.749 0.803 0.243 0.019
0 0.254 0.833 0.209 0.025
1 0.941 0.077 0.067 0.037
1 0.816 0.077 0.056 0.037
2 0.253 0.917 0.085 0.052
2 0.747 0.894 0.113 0.069
1 0.253 0.773 0.112 0.067
2 0.747 0.751 0.103 0.055
1 0.977 0.693 0.027 0.016
0 0.846 0.657 0.114 0.023
0 0.264 0.615 0.476 0.029
2 0.682 0.463 0.633 0.130
2 0.350 0.077 0.302 0.032
1 0.069 0.076 0.049 0.022
4 0.500 0.018 0.999 0.035
