0 0.868 0.609 0.106 0.019
0 0.868 0.695 0.106 0.019
0 0.867 0.780 0.106 0.019
0 0.867 0.866 0.105 0.019
0 0.819 0.962 0.245 0.019
0 0.268 0.869 0.378 0.032
0 0.151 0.780 0.138 0.024
0 0.225 0.697 0.293 0.031
0 0.211 0.609 0.256 0.023
0 0.341 0.414 0.347 0.027
0 0.431 0.327 0.530 0.023
0 0.310 0.245 0.284 0.027
0 0.306 0.159 0.276 0.023
1 0.911 0.410 0.027 0.027
1 0.911 0.242 0.027 0.026
1 0.911 0.158 0.026 0.026
2 0.103 0.410 0.045 0.016
1 0.910 0.326 0.027 0.026
1 0.101 0.325 0.044 0.024
1 0.103 0.242 0.045 0.025
1 0.103 0.158 0.044 0.021
4 0.500 0.018 0.999 0.035
