0 0.159 0.740 0.236 0.015
0 0.179 0.708 0.279 0.017
0 0.193 0.636 0.305 0.018
0 0.087 0.603 0.091 0.016
0 0.249 0.530 0.416 0.018
0 0.161 0.497 0.238 0.017
0 0.186 0.424 0.292 0.019
0 0.128 0.393 0.177 0.021
0 0.345 0.319 0.611 0.018
0 0.088 0.286 0.094 0.016
1 0.937 0.071 0.049 0.026
1 0.916 0.211 0.052 0.018
0 0.211 0.214 0.343 0.027
0 0.904 0.708 0.113 0.017
0 0.904 0.602 0.112 0.017
0 0.912 0.497 0.095 0.017
0 0.903 0.391 0.112 0.017
0 0.903 0.286 0.112 0.017
2 0.781 0.133 0.071 0.030
2 0.494 0.133 0.054 0.030
1 0.214 0.134 0.048 0.028
0 0.282 0.071 0.207 0.025
0 0.830 0.071 0.146 0.020
1 0.069 0.071 0.051 0.027
4 0.500 0.016 0.999 0.032
