0 0.197 0.248 0.169 0.020
2 0.066 0.247 0.052 0.033
0 0.178 0.699 0.116 0.021
1 0.069 0.806 0.026 0.016
1 0.069 0.698 0.026 0.016
1 0.069 0.590 0.027 0.017
1 0.069 0.375 0.027 0.017
0 0.231 0.486 0.227 0.027
0 0.886 0.822 0.149 0.017
0 0.896 0.793 0.126 0.020
0 0.295 0.807 0.356 0.021
0 0.902 0.715 0.116 0.016
0 0.896 0.685 0.126 0.020
0 0.898 0.607 0.125 0.017
0 0.906 0.577 0.106 0.019
0 0.273 0.591 0.306 0.022
0 0.900 0.499 0.119 0.016
0 0.896 0.470 0.126 0.020
1 0.069 0.482 0.027 0.016
0 0.886 0.391 0.149 0.017
0 0.896 0.362 0.126 0.020
0 0.180 0.376 0.119 0.021
0 0.896 0.157 0.131 0.020
0 0.282 0.071 0.208 0.025
3 0.874 0.071 0.176 0.057
1 0.068 0.071 0.051 0.027
4 0.500 0.016 0.999 0.032
