2 0.081 0.130 0.056 0.046
2 0.084 0.226 0.069 0.041
2 0.086 0.319 0.051 0.032
1 0.082 0.415 0.032 0.034
2 0.083 0.509 0.080 0.047
2 0.084 0.605 0.071 0.042
0 0.087 0.673 0.086 0.016
2 0.091 0.745 0.050 0.047
1 0.083 0.840 0.056 0.035
1 0.083 0.936 0.062 0.025
0 0.312 0.935 0.338 0.023
0 0.215 0.130 0.141 0.023
0 0.122 0.057 0.160 0.016
1 0.214 0.481 0.107 0.065
1 0.214 0.303 0.087 0.052
2 0.214 0.391 0.094 0.058
2 0.221 0.573 0.092 0.064
2 0.214 0.665 0.105 0.059
1 0.214 0.754 0.107 0.064
0 0.350 0.754 0.106 0.022
0 0.411 0.669 0.224 0.027
0 0.486 0.574 0.373 0.055
0 0.396 0.482 0.194 0.022
0 0.442 0.393 0.290 0.022
0 0.399 0.303 0.197 0.022
1 0.207 0.209 0.054 0.035
0 0.324 0.210 0.128 0.025
3 0.500 0.836 0.738 0.073
4 0.500 0.018 0.999 0.035
