0 0.206 0.182 0.336 0.024
0 0.194 0.215 0.313 0.020
0 0.109 0.253 0.137 0.024
0 0.370 0.338 0.384 0.023
0 0.359 0.408 0.364 0.023
0 0.268 0.476 0.181 0.018
0 0.208 0.546 0.066 0.019
0 0.253 0.616 0.154 0.019
0 0.236 0.689 0.119 0.023
0 0.267 0.757 0.179 0.019
0 0.242 0.855 0.132 0.022
1 0.069 0.852 0.056 0.033
1 0.069 0.757 0.051 0.032
1 0.069 0.687 0.059 0.036
1 0.069 0.616 0.060 0.029
1 0.069 0.546 0.060 0.029
1 0.069 0.476 0.060 0.026
2 0.069 0.406 0.058 0.036
1 0.069 0.336 0.060 0.030
1 0.671 0.254 0.026 0.008
1 0.118 0.106 0.157 0.094
4 0.500 0.018 0.999 0.035
