7 0.504 0.116 0.647 0.042
0 0.248 0.118 0.134 0.026
7 0.505 0.210 0.645 0.042
0 0.231 0.213 0.098 0.025
7 0.504 0.305 0.649 0.042
0 0.206 0.308 0.054 0.024
7 0.504 0.399 0.648 0.042
0 0.208 0.402 0.056 0.025
7 0.505 0.494 0.645 0.042
0 0.220 0.496 0.076 0.024
7 0.505 0.588 0.645 0.042
0 0.241 0.591 0.117 0.025
7 0.505 0.683 0.644 0.042
0 0.187 0.685 0.006 0.024
7 0.506 0.777 0.644 0.043
0 0.194 0.780 0.021 0.024
7 0.506 0.872 0.644 0.042
0 0.201 0.875 0.036 0.023
0 0.206 0.961 0.044 0.009
4 0.500 0.018 0.999 0.035
