0 0.232 0.428 0.206 0.022
0 0.226 0.340 0.194 0.021
0 0.181 0.251 0.104 0.022
0 0.226 0.162 0.194 0.022
1 0.923 0.427 0.055 0.023
1 0.079 0.426 0.041 0.031
1 0.079 0.339 0.041 0.027
1 0.079 0.250 0.050 0.024
1 0.079 0.162 0.041 0.025
3 0.270 0.589 0.443 0.054
3 0.731 0.589 0.443 0.054
3 0.501 0.519 0.904 0.054
0 0.500 0.650 0.797 0.019
5 0.500 0.430 0.905 0.040
5 0.500 0.343 0.905 0.037
5 0.500 0.255 0.905 0.036
5 0.500 0.167 0.905 0.035
0 0.260 0.080 0.168 0.030
1 0.069 0.077 0.042 0.025
4 0.500 0.018 0.999 0.035
