0 0.519 0.685 0.513 0.046
0 0.417 0.643 0.307 0.025
1 0.080 0.829 0.059 0.030
1 0.079 0.770 0.054 0.031
1 0.081 0.565 0.048 0.033
1 0.077 0.506 0.050 0.031
2 0.079 0.448 0.061 0.035
1 0.078 0.389 0.052 0.022
0 0.208 0.977 0.294 0.023
0 0.184 0.921 0.243 0.027
0 0.221 0.830 0.180 0.021
0 0.244 0.771 0.230 0.021
0 0.210 0.567 0.157 0.025
0 0.219 0.509 0.180 0.026
0 0.318 0.450 0.372 0.027
0 0.226 0.390 0.189 0.020
0 0.758 0.307 0.087 0.022
0 0.206 0.307 0.287 0.033
0 0.714 0.230 0.176 0.022
0 0.198 0.227 0.270 0.027
2 0.156 0.652 0.157 0.054
2 0.443 0.124 0.841 0.133
4 0.501 0.019 0.998 0.036
