0 0.187 0.963 0.059 0.014
0 0.922 0.943 0.116 0.017
0 0.352 0.927 0.389 0.020
1 0.069 0.940 0.099 0.060
0 0.188 0.875 0.058 0.014
0 0.922 0.856 0.116 0.017
0 0.193 0.838 0.069 0.016
1 0.069 0.853 0.098 0.060
0 0.188 0.789 0.058 0.014
0 0.921 0.769 0.117 0.017
0 0.214 0.753 0.115 0.021
1 0.069 0.766 0.098 0.060
0 0.152 0.700 0.261 0.016
0 0.212 0.651 0.110 0.014
0 0.972 0.630 0.016 0.016
0 0.274 0.613 0.235 0.016
1 0.069 0.627 0.099 0.060
0 0.220 0.564 0.127 0.014
0 0.971 0.543 0.019 0.016
0 0.243 0.528 0.170 0.022
2 0.069 0.540 0.099 0.060
0 0.220 0.476 0.127 0.015
0 0.970 0.457 0.017 0.016
0 0.200 0.439 0.084 0.017
2 0.069 0.453 0.099 0.058
0 0.219 0.390 0.126 0.014
0 0.971 0.370 0.019 0.016
0 0.250 0.351 0.184 0.017
2 0.069 0.367 0.098 0.060
0 0.220 0.303 0.126 0.014
0 0.968 0.283 0.012 0.016
0 0.275 0.267 0.233 0.021
2 0.069 0.280 0.098 0.060
0 0.139 0.213 0.238 0.017
0 0.750 0.153 0.104 0.016
0 0.250 0.153 0.215 0.017
0 0.285 0.077 0.271 0.025
1 0.069 0.076 0.048 0.022
4 0.500 0.018 0.999 0.035
