0 0.261 0.992 0.110 0.015
0 0.106 0.993 0.134 0.014
0 0.438 0.928 0.110 0.026
0 0.195 0.926 0.311 0.022
0 0.431 0.857 0.111 0.026
0 0.191 0.855 0.303 0.022
0 0.280 0.787 0.089 0.026
0 0.122 0.786 0.164 0.021
0 0.319 0.717 0.089 0.026
0 0.142 0.715 0.204 0.022
0 0.352 0.647 0.089 0.025
0 0.159 0.648 0.238 0.027
0 0.289 0.577 0.111 0.025
0 0.120 0.575 0.163 0.021
0 0.344 0.506 0.111 0.026
0 0.150 0.505 0.216 0.023
0 0.288 0.436 0.110 0.026
0 0.123 0.438 0.162 0.027
0 0.375 0.366 0.069 0.025
0 0.175 0.365 0.269 0.022
0 0.431 0.296 0.089 0.026
0 0.198 0.297 0.313 0.028
0 0.543 0.225 0.110 0.026
0 0.249 0.224 0.415 0.022
0 0.275 0.156 0.110 0.026
0 0.115 0.154 0.147 0.022
0 0.406 0.081 0.482 0.035
1 0.077 0.077 0.050 0.031
4 0.500 0.018 0.999 0.035
