0 0.187 0.115 0.122 0.022
0 0.331 0.618 0.146 0.017
1 0.331 0.558 0.094 0.057
0 0.813 0.943 0.130 0.017
2 0.707 0.883 0.119 0.047
2 0.331 0.884 0.115 0.046
0 0.708 0.787 0.083 0.016
0 0.331 0.787 0.083 0.016
2 0.707 0.726 0.104 0.061
2 0.331 0.726 0.104 0.061
0 0.707 0.606 0.122 0.021
2 0.707 0.550 0.093 0.057
0 0.331 0.450 0.170 0.017
0 0.707 0.442 0.141 0.017
2 0.713 0.385 0.089 0.064
2 0.331 0.389 0.100 0.064
0 0.707 0.284 0.163 0.020
0 0.332 0.281 0.239 0.017
1 0.331 0.221 0.119 0.070
2 0.707 0.222 0.111 0.062
4 0.501 0.019 0.998 0.036
