1 0.079 0.258 0.046 0.031
1 0.079 0.465 0.050 0.028
1 0.080 0.536 0.052 0.031
2 0.079 0.987 0.076 0.026
0 0.362 0.989 0.409 0.021
2 0.079 0.921 0.076 0.032
0 0.381 0.923 0.450 0.029
1 0.078 0.849 0.044 0.025
0 0.228 0.851 0.141 0.023
2 0.326 0.832 0.056 0.031
1 0.080 0.780 0.048 0.029
0 0.235 0.784 0.156 0.027
2 0.077 0.711 0.046 0.028
0 0.282 0.713 0.250 0.028
1 0.078 0.640 0.048 0.030
0 0.250 0.643 0.181 0.029
0 0.236 0.537 0.154 0.022
0 0.246 0.468 0.174 0.023
2 0.079 0.397 0.046 0.033
0 0.246 0.397 0.181 0.023
1 0.081 0.328 0.054 0.023
0 0.222 0.328 0.133 0.022
0 0.267 0.258 0.219 0.022
2 0.077 0.187 0.043 0.026
0 0.201 0.191 0.083 0.029
1 0.078 0.118 0.048 0.028
0 0.309 0.121 0.307 0.028
4 0.501 0.019 0.998 0.036
