0 0.351 0.171 0.346 0.022
1 0.944 0.078 0.048 0.027
1 0.883 0.170 0.033 0.028
1 0.117 0.169 0.044 0.027
0 0.306 0.245 0.196 0.028
0 0.375 0.829 0.639 0.057
0 0.205 0.766 0.154 0.018
2 0.851 0.808 0.194 0.117
2 0.081 0.766 0.054 0.033
0 0.319 0.656 0.531 0.027
0 0.161 0.609 0.067 0.021
2 0.851 0.649 0.194 0.117
2 0.081 0.606 0.056 0.033
0 0.361 0.508 0.611 0.051
0 0.204 0.448 0.156 0.018
2 0.851 0.491 0.194 0.117
2 0.081 0.448 0.056 0.033
0 0.350 0.350 0.593 0.051
2 0.851 0.346 0.194 0.091
0 0.702 0.241 0.207 0.023
0 0.310 0.079 0.324 0.030
1 0.069 0.077 0.050 0.022
5 0.500 0.170 0.885 0.072
4 0.501 0.019 0.998 0.036
