0 0.376 0.898 0.641 0.057
0 0.204 0.834 0.156 0.018
2 0.851 0.872 0.194 0.108
2 0.081 0.835 0.050 0.031
0 0.320 0.725 0.530 0.029
0 0.161 0.678 0.067 0.022
2 0.851 0.718 0.194 0.118
2 0.081 0.676 0.050 0.032
0 0.359 0.577 0.611 0.052
0 0.204 0.517 0.156 0.019
2 0.852 0.560 0.193 0.116
2 0.081 0.517 0.050 0.031
0 0.350 0.419 0.593 0.051
0 0.161 0.361 0.067 0.021
2 0.851 0.401 0.194 0.117
2 0.081 0.358 0.050 0.032
2 0.904 0.274 0.096 0.059
2 0.501 0.202 0.943 0.225
0 0.748 0.063 0.407 0.021
0 0.243 0.062 0.241 0.022
2 0.076 0.061 0.052 0.032
4 0.501 0.019 0.998 0.036
