1 0.894 0.863 0.139 0.085
0 0.826 0.667 0.267 0.018
0 0.502 0.669 0.152 0.045
0 0.174 0.669 0.152 0.045
1 0.824 0.604 0.070 0.038
2 0.500 0.606 0.063 0.038
2 0.174 0.606 0.059 0.038
0 0.827 0.496 0.154 0.046
0 0.501 0.495 0.157 0.040
0 0.174 0.495 0.189 0.018
2 0.825 0.433 0.072 0.038
2 0.500 0.433 0.063 0.036
1 0.173 0.433 0.057 0.036
0 0.826 0.322 0.263 0.019
0 0.501 0.324 0.246 0.021
0 0.174 0.323 0.200 0.050
2 0.825 0.260 0.065 0.037
1 0.501 0.263 0.069 0.035
2 0.173 0.261 0.076 0.046
0 0.869 0.156 0.207 0.031
0 0.603 0.153 0.206 0.026
0 0.376 0.156 0.130 0.031
0 0.158 0.154 0.191 0.023
0 0.234 0.075 0.172 0.027
1 0.825 0.077 0.046 0.029
1 0.941 0.076 0.052 0.030
1 0.069 0.078 0.044 0.027
4 0.501 0.019 0.998 0.036
