0 0.161 0.884 0.067 0.022
2 0.850 0.890 0.196 0.050
2 0.081 0.882 0.054 0.033
0 0.302 0.784 0.496 0.052
0 0.204 0.723 0.156 0.019
2 0.852 0.766 0.196 0.119
2 0.080 0.724 0.056 0.033
0 0.386 0.627 0.665 0.057
0 0.161 0.566 0.067 0.022
2 0.851 0.606 0.194 0.118
2 0.081 0.565 0.054 0.031
0 0.374 0.469 0.641 0.057
0 0.204 0.406 0.156 0.019
2 0.851 0.449 0.194 0.117
2 0.080 0.406 0.056 0.032
0 0.319 0.295 0.531 0.027
0 0.161 0.250 0.067 0.022
2 0.852 0.290 0.193 0.118
2 0.081 0.248 0.054 0.032
0 0.361 0.149 0.611 0.052
0 0.206 0.089 0.156 0.019
2 0.852 0.131 0.196 0.117
2 0.081 0.088 0.054 0.033
4 0.501 0.019 0.998 0.036
