0 0.462 0.977 0.813 0.020
1 0.081 0.800 0.048 0.027
0 0.159 0.800 0.074 0.016
0 0.254 0.075 0.174 0.035
0 0.141 0.933 0.174 0.019
0 0.358 0.889 0.609 0.025
1 0.697 0.076 0.039 0.027
1 0.891 0.935 0.130 0.077
1 0.942 0.800 0.013 0.025
0 0.156 0.732 0.200 0.016
0 0.454 0.674 0.800 0.068
2 0.500 0.453 0.970 0.322
0 0.169 0.242 0.094 0.017
1 0.081 0.242 0.050 0.026
1 0.942 0.243 0.013 0.025
2 0.835 0.244 0.044 0.028
1 0.710 0.243 0.050 0.027
0 0.741 0.153 0.278 0.018
0 0.252 0.153 0.133 0.018
1 0.940 0.074 0.013 0.026
1 0.818 0.075 0.035 0.026
1 0.062 0.075 0.046 0.021
4 0.501 0.019 0.998 0.036
