0 0.497 0.331 0.920 0.265
2 0.156 0.980 0.113 0.040
0 0.847 0.878 0.109 0.016
0 0.616 0.880 0.124 0.019
0 0.385 0.878 0.163 0.016
0 0.156 0.878 0.174 0.016
1 0.846 0.815 0.119 0.071
2 0.617 0.815 0.119 0.065
2 0.385 0.814 0.104 0.066
2 0.156 0.814 0.119 0.072
0 0.847 0.703 0.076 0.019
0 0.617 0.702 0.152 0.020
0 0.386 0.703 0.094 0.019
0 0.156 0.701 0.113 0.016
2 0.846 0.638 0.115 0.069
1 0.617 0.635 0.111 0.066
2 0.385 0.638 0.119 0.071
1 0.156 0.638 0.096 0.058
0 0.084 0.548 0.087 0.018
4 0.501 0.019 0.998 0.036
