0 0.856 0.263 0.094 0.012
0 0.857 0.231 0.037 0.032
0 0.156 0.239 0.230 0.030
0 0.865 0.482 0.081 0.013
0 0.124 0.458 0.159 0.029
0 0.856 0.671 0.039 0.032
0 0.856 0.701 0.094 0.013
0 0.113 0.678 0.144 0.028
0 0.856 0.889 0.039 0.032
0 0.181 0.897 0.272 0.030
0 0.857 0.921 0.089 0.013
0 0.858 0.452 0.024 0.035
0 0.281 0.086 0.224 0.033
1 0.091 0.082 0.100 0.058
1 0.938 0.082 0.046 0.027
1 0.819 0.082 0.054 0.032
2 0.501 0.894 0.998 0.213
2 0.501 0.677 0.998 0.220
2 0.501 0.458 0.998 0.220
2 0.501 0.239 0.998 0.217
4 0.501 0.019 0.998 0.036
