1 0.947 0.240 0.039 0.029
1 0.946 0.457 0.041 0.029
1 0.947 0.677 0.039 0.029
1 0.947 0.897 0.039 0.029
0 0.856 0.920 0.094 0.012
0 0.857 0.889 0.037 0.032
0 0.181 0.896 0.272 0.029
0 0.857 0.701 0.093 0.012
0 0.857 0.670 0.037 0.031
0 0.113 0.677 0.144 0.028
0 0.858 0.482 0.091 0.013
0 0.857 0.452 0.037 0.033
0 0.123 0.459 0.157 0.028
0 0.864 0.262 0.080 0.013
0 0.860 0.231 0.020 0.031
0 0.156 0.239 0.230 0.029
2 0.501 0.894 0.998 0.213
2 0.501 0.678 0.998 0.219
2 0.501 0.458 0.998 0.221
2 0.501 0.239 0.998 0.219
0 0.281 0.086 0.224 0.032
1 0.091 0.082 0.100 0.058
1 0.939 0.083 0.044 0.028
1 0.818 0.082 0.054 0.031
4 0.501 0.019 0.998 0.036
