1 0.341 0.188 0.163 0.098
0 0.341 0.268 0.254 0.025
0 0.341 0.304 0.108 0.019
1 0.512 0.367 0.092 0.046
1 0.178 0.363 0.107 0.054
2 0.064 0.436 0.050 0.027
1 0.064 0.498 0.052 0.031
1 0.064 0.564 0.052 0.032
2 0.064 0.629 0.052 0.028
1 0.064 0.694 0.052 0.033
1 0.066 0.761 0.042 0.025
0 0.339 0.762 0.329 0.015
0 0.246 0.697 0.142 0.025
0 0.250 0.629 0.147 0.019
0 0.238 0.567 0.123 0.024
0 0.218 0.499 0.082 0.020
0 0.218 0.436 0.085 0.020
0 0.364 0.077 0.440 0.025
1 0.946 0.077 0.015 0.026
1 0.068 0.076 0.043 0.027
4 0.500 0.018 0.999 0.035
