1 0.929 0.252 0.079 0.037
0 0.364 0.077 0.439 0.025
1 0.067 0.076 0.042 0.025
1 0.340 0.188 0.162 0.098
3 0.340 0.283 0.500 0.059
1 0.512 0.367 0.092 0.046
1 0.178 0.363 0.107 0.052
0 0.218 0.436 0.085 0.019
0 0.218 0.499 0.082 0.020
0 0.239 0.567 0.122 0.024
0 0.250 0.629 0.147 0.020
0 0.246 0.697 0.141 0.023
0 0.339 0.761 0.328 0.014
1 0.066 0.761 0.042 0.025
1 0.064 0.694 0.051 0.033
2 0.064 0.629 0.052 0.028
1 0.063 0.564 0.051 0.031
1 0.064 0.498 0.052 0.031
2 0.064 0.436 0.050 0.026
4 0.500 0.018 0.999 0.035
