0 0.412 0.071 0.471 0.019
0 0.401 0.100 0.448 0.018
0 0.324 0.150 0.294 0.022
2 0.079 0.082 0.070 0.041
1 0.079 0.243 0.062 0.032
2 0.078 0.313 0.064 0.038
1 0.079 0.383 0.060 0.034
2 0.079 0.453 0.061 0.033
1 0.079 0.522 0.061 0.029
1 0.079 0.593 0.062 0.037
1 0.079 0.664 0.061 0.036
1 0.079 0.733 0.061 0.036
1 0.079 0.804 0.052 0.027
2 0.079 0.873 0.060 0.036
0 0.221 0.874 0.093 0.017
0 0.234 0.804 0.118 0.017
0 0.240 0.736 0.130 0.022
0 0.254 0.666 0.156 0.021
0 0.218 0.594 0.084 0.017
0 0.237 0.523 0.121 0.018
0 0.232 0.455 0.113 0.021
0 0.219 0.383 0.087 0.018
0 0.226 0.313 0.101 0.018
0 0.231 0.244 0.110 0.018
2 0.792 0.524 0.043 0.025
2 0.792 0.664 0.041 0.025
4 0.500 0.018 0.999 0.035
