1 0.070 0.077 0.048 0.023
0 0.269 0.081 0.181 0.030
1 0.086 0.159 0.043 0.031
7 0.569 0.160 0.754 0.028
0 0.331 0.162 0.276 0.025
2 0.083 0.243 0.052 0.033
0 0.244 0.244 0.107 0.019
1 0.084 0.326 0.043 0.032
0 0.379 0.326 0.380 0.019
2 0.083 0.410 0.056 0.035
0 0.472 0.410 0.559 0.020
2 0.085 0.494 0.052 0.031
0 0.531 0.496 0.676 0.025
1 0.086 0.577 0.046 0.028
0 0.239 0.577 0.093 0.020
1 0.085 0.661 0.052 0.025
0 0.288 0.661 0.194 0.019
2 0.085 0.745 0.052 0.031
0 0.310 0.747 0.235 0.025
0 0.172 0.967 0.267 0.021
4 0.501 0.019 0.998 0.036
