1 0.070 0.077 0.048 0.025
0 0.274 0.082 0.193 0.028
0 0.348 0.151 0.089 0.025
0 0.169 0.153 0.252 0.022
0 0.211 0.225 0.341 0.021
7 0.354 0.281 0.604 0.032
1 0.943 0.280 0.041 0.026
0 0.420 0.281 0.467 0.019
0 0.515 0.328 0.663 0.038
0 0.491 0.374 0.611 0.041
1 0.193 0.473 0.033 0.026
0 0.103 0.476 0.117 0.025
0 0.149 0.531 0.206 0.025
0 0.907 0.530 0.100 0.018
0 0.096 0.598 0.104 0.025
0 0.879 0.599 0.154 0.022
3 0.501 0.710 0.924 0.071
3 0.502 0.821 0.922 0.072
0 0.501 0.936 0.765 0.068
4 0.501 0.019 0.998 0.036
