0 0.342 0.189 0.094 0.020
0 0.501 0.089 0.267 0.020
3 0.500 0.942 0.836 0.071
0 0.396 0.890 0.204 0.025
2 0.195 0.896 0.051 0.018
0 0.420 0.800 0.253 0.017
0 0.377 0.769 0.166 0.021
2 0.194 0.783 0.059 0.014
0 0.375 0.694 0.503 0.013
0 0.420 0.621 0.255 0.018
0 0.357 0.593 0.123 0.024
2 0.194 0.604 0.056 0.033
0 0.420 0.502 0.254 0.017
0 0.438 0.472 0.290 0.020
2 0.194 0.486 0.050 0.031
0 0.419 0.383 0.254 0.016
0 0.340 0.353 0.092 0.020
2 0.194 0.366 0.035 0.032
0 0.255 0.277 0.258 0.014
4 0.500 0.018 0.999 0.035
