1 0.086 0.959 0.094 0.036
1 0.069 0.899 0.050 0.030
1 0.070 0.829 0.048 0.028
1 0.069 0.759 0.050 0.026
1 0.070 0.663 0.048 0.029
1 0.069 0.594 0.050 0.023
1 0.070 0.523 0.052 0.027
1 0.069 0.370 0.050 0.028
1 0.070 0.300 0.048 0.018
1 0.070 0.229 0.052 0.025
0 0.406 0.961 0.467 0.025
0 0.306 0.900 0.259 0.023
0 0.239 0.831 0.130 0.023
0 0.301 0.761 0.250 0.023
0 0.320 0.664 0.289 0.019
0 0.270 0.594 0.189 0.019
0 0.217 0.523 0.085 0.019
0 0.234 0.455 0.391 0.022
0 0.244 0.370 0.139 0.019
0 0.272 0.301 0.193 0.022
0 0.222 0.230 0.093 0.018
0 0.094 0.161 0.107 0.022
0 0.229 0.077 0.380 0.023
4 0.501 0.019 0.998 0.036
