0 0.299 0.433 0.246 0.021
0 0.276 0.356 0.200 0.020
0 0.300 0.282 0.244 0.025
1 0.932 0.966 0.057 0.035
0 0.244 0.585 0.137 0.020
2 0.090 0.584 0.098 0.060
0 0.230 0.511 0.107 0.025
1 0.089 0.508 0.100 0.060
2 0.089 0.431 0.100 0.060
1 0.089 0.355 0.100 0.060
1 0.089 0.279 0.100 0.060
0 0.252 0.186 0.148 0.022
0 0.216 0.155 0.076 0.020
1 0.090 0.168 0.098 0.059
1 0.065 0.966 0.048 0.037
1 0.875 0.077 0.091 0.013
2 0.626 0.077 0.063 0.038
1 0.376 0.077 0.067 0.038
1 0.126 0.077 0.067 0.040
4 0.501 0.019 0.998 0.036
