1 0.931 0.077 0.054 0.025
0 0.501 0.899 0.243 0.022
0 0.164 0.836 0.246 0.014
0 0.121 0.807 0.161 0.021
0 0.172 0.728 0.263 0.016
0 0.111 0.698 0.137 0.021
0 0.166 0.620 0.246 0.016
0 0.114 0.591 0.146 0.021
0 0.172 0.512 0.263 0.014
0 0.117 0.483 0.152 0.022
0 0.900 0.387 0.122 0.019
0 0.172 0.405 0.263 0.014
0 0.189 0.376 0.293 0.022
0 0.900 0.280 0.122 0.019
0 0.172 0.298 0.263 0.016
0 0.218 0.266 0.354 0.022
0 0.900 0.173 0.122 0.018
0 0.172 0.190 0.263 0.016
0 0.101 0.160 0.117 0.021
0 0.419 0.081 0.481 0.030
1 0.805 0.076 0.046 0.028
1 0.070 0.077 0.041 0.025
4 0.501 0.019 0.998 0.036
