1 0.931 0.077 0.052 0.025
0 0.501 0.899 0.243 0.022
0 0.165 0.836 0.248 0.014
0 0.121 0.807 0.161 0.021
0 0.174 0.728 0.263 0.016
0 0.112 0.698 0.139 0.021
0 0.165 0.620 0.248 0.016
0 0.115 0.591 0.148 0.022
0 0.174 0.513 0.263 0.014
0 0.117 0.483 0.152 0.022
0 0.174 0.405 0.263 0.016
0 0.188 0.376 0.291 0.022
0 0.174 0.297 0.263 0.016
0 0.218 0.268 0.354 0.022
0 0.174 0.190 0.263 0.016
0 0.102 0.160 0.115 0.021
0 0.419 0.081 0.481 0.030
1 0.805 0.076 0.046 0.028
1 0.069 0.077 0.043 0.025
4 0.501 0.019 0.998 0.036
