1 0.844 0.077 0.051 0.033
1 0.729 0.077 0.035 0.033
1 0.947 0.077 0.012 0.025
0 0.150 0.081 0.217 0.028
0 0.054 0.149 0.067 0.031
0 0.170 0.147 0.131 0.024
0 0.500 0.218 0.499 0.028
0 0.266 0.281 0.284 0.023
7 0.289 0.346 0.373 0.031
0 0.323 0.349 0.306 0.025
0 0.139 0.410 0.042 0.018
0 0.337 0.410 0.020 0.017
5 0.707 0.417 0.387 0.030
0 0.595 0.410 0.155 0.016
1 0.229 0.410 0.025 0.008
1 0.438 0.410 0.024 0.008
7 0.233 0.473 0.261 0.031
0 0.267 0.475 0.194 0.026
0 0.338 0.536 0.019 0.020
5 0.712 0.542 0.392 0.030
0 0.139 0.536 0.042 0.018
0 0.596 0.535 0.153 0.016
1 0.229 0.536 0.023 0.008
1 0.438 0.536 0.023 0.007
0 0.501 0.623 0.419 0.031
0 0.500 0.693 0.688 0.020
0 0.802 0.760 0.152 0.016
0 0.196 0.760 0.144 0.016
0 0.130 0.843 0.146 0.030
0 0.844 0.841 0.198 0.023
0 0.100 0.944 0.085 0.023
0 0.844 0.944 0.198 0.023
4 0.500 0.018 0.999 0.035
