1 0.069 0.077 0.042 0.025
0 0.303 0.077 0.332 0.021
0 0.937 0.077 0.090 0.017
0 0.500 0.156 0.521 0.024
0 0.502 0.219 0.902 0.052
2 0.123 0.343 0.166 0.100
0 0.387 0.312 0.286 0.020
7 0.604 0.343 0.716 0.037
0 0.363 0.338 0.233 0.017
2 0.123 0.491 0.166 0.100
0 0.315 0.461 0.143 0.020
7 0.603 0.491 0.718 0.036
0 0.362 0.486 0.235 0.018
2 0.123 0.639 0.166 0.100
0 0.280 0.609 0.072 0.018
7 0.603 0.640 0.718 0.036
0 0.362 0.634 0.235 0.017
2 0.122 0.787 0.166 0.100
0 0.305 0.759 0.119 0.023
7 0.604 0.787 0.716 0.036
0 0.363 0.782 0.233 0.017
2 0.123 0.935 0.166 0.100
0 0.285 0.905 0.079 0.018
7 0.604 0.935 0.716 0.036
0 0.363 0.930 0.233 0.017
4 0.500 0.018 0.999 0.035
