1 0.064 0.905 0.049 0.029
2 0.064 0.809 0.028 0.029
0 0.231 0.906 0.109 0.022
0 0.284 0.809 0.215 0.018
0 0.262 0.741 0.173 0.022
1 0.063 0.739 0.049 0.019
0 0.277 0.668 0.205 0.018
1 0.064 0.669 0.049 0.029
0 0.255 0.573 0.157 0.018
1 0.064 0.574 0.049 0.030
0 0.213 0.503 0.073 0.017
1 0.064 0.504 0.050 0.024
0 0.217 0.432 0.081 0.017
2 0.064 0.433 0.049 0.028
0 0.234 0.364 0.116 0.022
1 0.062 0.363 0.042 0.019
0 0.229 0.292 0.106 0.018
1 0.062 0.293 0.035 0.023
0 0.126 0.208 0.172 0.018
1 0.603 0.200 0.042 0.014
0 0.127 0.176 0.176 0.017
1 0.107 0.100 0.139 0.084
4 0.500 0.018 0.999 0.035
