1 0.946 0.077 0.013 0.025
1 0.347 0.077 0.041 0.013
0 0.221 0.077 0.152 0.021
1 0.069 0.076 0.048 0.022
2 0.207 0.685 0.102 0.072
2 0.199 0.566 0.119 0.072
2 0.489 0.567 0.109 0.066
0 0.200 0.849 0.106 0.014
1 0.199 0.804 0.118 0.071
0 0.779 0.732 0.121 0.016
0 0.489 0.730 0.159 0.017
0 0.199 0.739 0.206 0.031
2 0.779 0.685 0.115 0.064
2 0.488 0.684 0.106 0.066
0 0.780 0.611 0.108 0.014
0 0.489 0.612 0.096 0.013
0 0.199 0.613 0.098 0.017
1 0.779 0.567 0.094 0.057
0 0.780 0.492 0.109 0.013
0 0.489 0.492 0.201 0.014
0 0.199 0.492 0.061 0.013
2 0.779 0.447 0.118 0.071
2 0.489 0.447 0.109 0.066
2 0.199 0.448 0.119 0.052
0 0.780 0.375 0.074 0.016
0 0.489 0.373 0.100 0.013
0 0.199 0.373 0.157 0.014
2 0.490 0.328 0.115 0.069
2 0.199 0.328 0.119 0.071
2 0.779 0.328 0.111 0.067
0 0.779 0.254 0.063 0.013
0 0.489 0.254 0.228 0.015
0 0.199 0.263 0.184 0.031
2 0.779 0.209 0.118 0.071
2 0.489 0.209 0.113 0.066
2 0.199 0.209 0.108 0.065
0 0.154 0.146 0.152 0.017
4 0.500 0.018 0.999 0.035
