2 0.061 0.072 0.074 0.045
1 0.854 0.073 0.059 0.035
1 0.957 0.073 0.015 0.032
0 0.177 0.073 0.130 0.023
0 0.635 0.148 0.122 0.024
0 0.063 0.146 0.111 0.019
0 0.365 0.146 0.099 0.018
0 0.879 0.146 0.107 0.018
0 0.229 0.263 0.302 0.028
7 0.502 0.334 0.846 0.031
0 0.185 0.335 0.213 0.021
7 0.501 0.407 0.848 0.031
0 0.184 0.409 0.215 0.020
7 0.501 0.481 0.847 0.032
0 0.185 0.482 0.214 0.020
7 0.502 0.555 0.848 0.031
0 0.184 0.556 0.213 0.020
7 0.502 0.628 0.848 0.031
0 0.185 0.630 0.214 0.020
7 0.502 0.702 0.848 0.032
0 0.203 0.705 0.250 0.025
3 0.278 0.776 0.444 0.074
3 0.722 0.776 0.444 0.073
4 0.500 0.018 0.999 0.035
