0 0.126 0.876 0.130 0.018
0 0.188 0.812 0.256 0.019
0 0.141 0.752 0.163 0.021
1 0.927 0.810 0.030 0.028
1 0.927 0.875 0.030 0.028
0 0.170 0.601 0.218 0.020
0 0.135 0.537 0.147 0.018
0 0.087 0.473 0.052 0.018
0 0.121 0.413 0.123 0.021
1 0.927 0.665 0.030 0.028
1 0.926 0.600 0.031 0.028
1 0.903 0.325 0.080 0.047
1 0.801 0.324 0.080 0.048
1 0.903 0.260 0.080 0.048
1 0.801 0.260 0.079 0.048
0 0.500 0.080 0.421 0.030
0 0.212 0.668 0.300 0.024
1 0.926 0.536 0.031 0.028
0 0.174 0.264 0.226 0.023
0 0.688 0.327 0.042 0.019
0 0.165 0.329 0.208 0.024
0 0.689 0.262 0.022 0.018
0 0.177 0.200 0.232 0.017
1 0.875 0.153 0.050 0.030
1 0.625 0.152 0.056 0.020
1 0.375 0.152 0.042 0.023
1 0.126 0.151 0.046 0.031
4 0.500 0.018 0.999 0.035
