0 0.395 0.099 0.497 0.022
1 0.089 0.096 0.037 0.022
1 0.441 0.796 0.041 0.022
1 0.897 0.796 0.041 0.021
0 0.899 0.980 0.099 0.013
1 0.898 0.950 0.061 0.036
1 0.102 0.951 0.052 0.035
1 0.897 0.268 0.041 0.021
0 0.674 0.673 0.317 0.054
0 0.269 0.673 0.422 0.054
1 0.441 0.267 0.041 0.022
0 0.716 0.170 0.109 0.014
0 0.506 0.170 0.193 0.015
0 0.299 0.170 0.106 0.015
0 0.122 0.170 0.126 0.015
0 0.700 0.980 0.077 0.013
0 0.500 0.980 0.069 0.013
0 0.301 0.980 0.079 0.013
0 0.103 0.980 0.106 0.013
2 0.272 0.843 0.428 0.148
2 0.729 0.843 0.425 0.148
2 0.728 0.435 0.427 0.390
2 0.272 0.435 0.428 0.390
1 0.699 0.950 0.056 0.033
1 0.500 0.950 0.054 0.035
1 0.301 0.951 0.061 0.032
3 0.500 0.864 0.238 0.059
5 0.501 0.096 0.943 0.074
4 0.500 0.018 0.999 0.035
