0 0.395 0.098 0.496 0.023
1 0.102 0.951 0.053 0.034
1 0.089 0.096 0.037 0.022
0 0.898 0.980 0.098 0.012
1 0.899 0.950 0.060 0.036
0 0.716 0.170 0.109 0.014
0 0.506 0.170 0.191 0.015
0 0.299 0.170 0.106 0.014
0 0.123 0.170 0.125 0.014
0 0.700 0.980 0.076 0.012
0 0.500 0.980 0.068 0.012
0 0.301 0.979 0.080 0.012
1 0.699 0.950 0.056 0.032
2 0.500 0.950 0.053 0.035
1 0.301 0.951 0.061 0.032
0 0.102 0.980 0.106 0.013
0 0.190 0.870 0.263 0.023
0 0.578 0.778 0.127 0.014
0 0.719 0.734 0.406 0.053
0 0.243 0.732 0.365 0.049
1 0.897 0.329 0.040 0.022
1 0.441 0.329 0.040 0.021
0 0.362 0.262 0.599 0.027
2 0.273 0.497 0.427 0.390
2 0.729 0.497 0.428 0.390
5 0.501 0.096 0.943 0.074
4 0.500 0.018 0.999 0.035
