0 0.716 0.170 0.109 0.014
0 0.506 0.170 0.192 0.014
0 0.394 0.099 0.498 0.022
1 0.089 0.096 0.037 0.022
3 0.381 0.864 0.239 0.059
3 0.620 0.864 0.238 0.059
0 0.899 0.980 0.099 0.013
1 0.898 0.950 0.060 0.037
1 0.102 0.951 0.053 0.035
1 0.137 0.669 0.156 0.017
0 0.298 0.170 0.106 0.014
0 0.123 0.170 0.125 0.014
0 0.700 0.979 0.077 0.012
0 0.500 0.980 0.069 0.012
0 0.301 0.980 0.079 0.012
1 0.699 0.950 0.056 0.033
2 0.500 0.950 0.054 0.035
1 0.301 0.951 0.061 0.032
0 0.102 0.980 0.106 0.013
2 0.500 0.831 0.884 0.173
1 0.880 0.781 0.072 0.037
0 0.309 0.669 0.161 0.016
0 0.316 0.637 0.511 0.027
1 0.879 0.278 0.060 0.032
2 0.500 0.418 0.883 0.355
5 0.501 0.096 0.943 0.074
4 0.500 0.018 0.999 0.035
