0 0.187 0.957 0.079 0.017
2 0.074 0.957 0.064 0.040
0 0.238 0.886 0.181 0.016
2 0.073 0.885 0.067 0.040
0 0.222 0.814 0.147 0.016
2 0.075 0.813 0.062 0.039
0 0.228 0.744 0.161 0.021
2 0.072 0.742 0.054 0.040
0 0.203 0.670 0.109 0.017
2 0.075 0.669 0.053 0.038
0 0.190 0.599 0.082 0.016
2 0.074 0.598 0.063 0.040
0 0.200 0.527 0.105 0.018
2 0.074 0.526 0.066 0.039
0 0.194 0.455 0.095 0.017
2 0.074 0.454 0.065 0.040
0 0.217 0.382 0.137 0.027
2 0.074 0.382 0.067 0.038
0 0.218 0.310 0.140 0.027
2 0.075 0.310 0.060 0.040
2 0.355 0.156 0.708 0.240
4 0.500 0.018 0.999 0.035
