2 0.084 0.950 0.146 0.088
0 0.299 0.953 0.250 0.021
0 0.333 0.853 0.315 0.022
2 0.084 0.851 0.146 0.088
0 0.306 0.754 0.261 0.022
2 0.084 0.752 0.146 0.088
0 0.317 0.654 0.281 0.022
2 0.084 0.652 0.146 0.089
0 0.312 0.555 0.272 0.021
2 0.084 0.553 0.146 0.089
0 0.323 0.455 0.294 0.021
2 0.083 0.454 0.148 0.088
0 0.322 0.356 0.293 0.022
2 0.084 0.353 0.146 0.089
0 0.348 0.257 0.344 0.021
2 0.084 0.254 0.146 0.089
0 0.463 0.158 0.574 0.021
2 0.084 0.162 0.146 0.076
0 0.502 0.081 0.144 0.026
1 0.080 0.078 0.048 0.029
4 0.501 0.019 0.998 0.036
