0 0.317 0.161 0.384 0.029
7 0.253 0.213 0.275 0.030
0 0.304 0.216 0.173 0.020
7 0.216 0.285 0.200 0.030
0 0.267 0.286 0.098 0.015
7 0.226 0.357 0.220 0.030
0 0.277 0.357 0.119 0.016
7 0.199 0.429 0.167 0.030
0 0.250 0.431 0.065 0.020
7 0.228 0.501 0.225 0.030
0 0.279 0.503 0.123 0.020
7 0.202 0.573 0.173 0.030
0 0.252 0.573 0.073 0.017
7 0.232 0.644 0.232 0.030
0 0.283 0.645 0.131 0.016
7 0.236 0.716 0.240 0.030
0 0.287 0.717 0.138 0.016
7 0.230 0.788 0.228 0.030
0 0.280 0.789 0.127 0.016
3 0.448 0.876 0.625 0.058
4 0.500 0.018 0.999 0.035
