1 0.798 0.700 0.037 0.013
0 0.235 0.701 0.090 0.018
0 0.253 0.622 0.136 0.024
0 0.353 0.555 0.333 0.025
0 0.290 0.487 0.207 0.023
0 0.329 0.419 0.321 0.019
0 0.284 0.354 0.199 0.020
0 0.144 0.303 0.168 0.017
1 0.081 0.355 0.038 0.023
1 0.081 0.485 0.041 0.025
1 0.081 0.552 0.042 0.025
1 0.081 0.620 0.043 0.028
1 0.069 0.821 0.032 0.026
1 0.086 0.701 0.044 0.009
0 0.350 0.944 0.354 0.020
1 0.069 0.947 0.042 0.022
0 0.375 0.881 0.405 0.019
1 0.069 0.885 0.025 0.028
0 0.345 0.818 0.350 0.020
0 0.252 0.758 0.164 0.024
2 0.069 0.758 0.039 0.025
1 0.798 0.222 0.035 0.013
0 0.186 0.224 0.284 0.023
1 0.799 0.151 0.036 0.013
0 0.146 0.154 0.203 0.025
1 0.799 0.081 0.038 0.014
0 0.169 0.084 0.248 0.024
4 0.500 0.018 0.999 0.035
