1 0.444 0.295 0.037 0.021
2 0.252 0.409 0.183 0.220
2 0.753 0.509 0.194 0.094
1 0.601 0.656 0.135 0.013
1 0.102 0.656 0.136 0.014
2 0.251 0.866 0.155 0.268
1 0.445 0.758 0.036 0.021
2 0.752 0.873 0.227 0.254
1 0.944 0.758 0.037 0.021
0 0.696 0.607 0.326 0.045
0 0.605 0.695 0.145 0.019
0 0.115 0.695 0.162 0.018
0 0.181 0.607 0.294 0.043
0 0.262 0.226 0.421 0.022
0 0.755 0.430 0.148 0.026
0 0.754 0.359 0.144 0.025
0 0.783 0.287 0.202 0.020
0 0.772 0.219 0.181 0.026
0 0.757 0.146 0.154 0.021
0 0.733 0.077 0.101 0.018
1 0.602 0.076 0.043 0.026
2 0.602 0.147 0.046 0.028
2 0.602 0.217 0.046 0.025
1 0.602 0.287 0.041 0.025
1 0.602 0.357 0.044 0.026
1 0.602 0.428 0.041 0.026
4 0.500 0.018 0.999 0.035
