3 0.705 0.255 0.281 0.087
3 0.422 0.255 0.283 0.087
3 0.141 0.255 0.280 0.087
0 0.188 0.342 0.289 0.025
0 0.202 0.464 0.254 0.020
0 0.230 0.527 0.312 0.020
0 0.180 0.592 0.208 0.026
0 0.157 0.655 0.168 0.025
0 0.220 0.718 0.288 0.025
0 0.304 0.780 0.460 0.025
1 0.799 0.986 0.036 0.013
0 0.146 0.987 0.204 0.023
1 0.798 0.916 0.035 0.013
0 0.168 0.918 0.249 0.025
1 0.799 0.845 0.034 0.012
0 0.229 0.845 0.371 0.021
1 0.799 0.409 0.034 0.013
0 0.113 0.409 0.136 0.020
0 0.354 0.184 0.490 0.021
2 0.063 0.182 0.044 0.026
0 0.382 0.085 0.437 0.025
1 0.089 0.082 0.098 0.059
4 0.500 0.018 0.999 0.035
