3 0.704 0.255 0.281 0.086
0 0.188 0.341 0.288 0.024
1 0.081 0.955 0.041 0.025
1 0.081 0.825 0.038 0.022
0 0.289 0.957 0.206 0.024
0 0.330 0.889 0.320 0.020
0 0.284 0.824 0.199 0.020
0 0.144 0.773 0.169 0.017
1 0.798 0.692 0.035 0.012
0 0.186 0.695 0.283 0.023
1 0.798 0.622 0.035 0.013
0 0.146 0.624 0.204 0.025
1 0.799 0.551 0.034 0.013
0 0.168 0.554 0.249 0.023
1 0.798 0.481 0.035 0.013
0 0.230 0.481 0.370 0.020
1 0.799 0.411 0.034 0.013
0 0.111 0.411 0.133 0.020
3 0.422 0.255 0.283 0.086
3 0.141 0.255 0.280 0.086
0 0.354 0.184 0.492 0.021
2 0.063 0.182 0.044 0.026
0 0.382 0.084 0.437 0.025
1 0.088 0.082 0.099 0.059
4 0.500 0.018 0.999 0.035
