0 0.196 0.207 0.244 0.025
0 0.137 0.270 0.121 0.023
0 0.309 0.332 0.466 0.025
0 0.310 0.395 0.469 0.025
0 0.228 0.456 0.306 0.020
0 0.294 0.520 0.436 0.025
0 0.219 0.581 0.287 0.021
0 0.266 0.644 0.381 0.020
0 0.164 0.709 0.179 0.025
1 0.081 0.907 0.037 0.022
0 0.329 0.971 0.321 0.020
0 0.284 0.906 0.199 0.019
0 0.144 0.855 0.169 0.017
1 0.798 0.773 0.035 0.013
0 0.186 0.776 0.284 0.024
1 0.798 0.149 0.035 0.013
0 0.148 0.152 0.207 0.025
1 0.798 0.081 0.035 0.013
0 0.168 0.084 0.247 0.023
4 0.500 0.018 0.999 0.035
