0 0.375 0.638 0.351 0.020
0 0.501 0.433 0.356 0.023
0 0.501 0.137 0.104 0.014
0 0.869 0.070 0.224 0.019
3 0.500 0.865 0.904 0.062
3 0.731 0.786 0.443 0.074
3 0.270 0.785 0.443 0.075
0 0.567 0.679 0.737 0.039
2 0.100 0.662 0.120 0.069
0 0.576 0.578 0.756 0.039
2 0.099 0.562 0.120 0.049
0 0.392 0.535 0.387 0.016
0 0.501 0.464 0.582 0.020
2 0.500 0.336 0.202 0.120
0 0.834 0.137 0.131 0.014
0 0.168 0.137 0.131 0.014
1 0.030 0.069 0.019 0.022
0 0.211 0.071 0.099 0.027
2 0.088 0.069 0.048 0.031
4 0.500 0.018 0.999 0.035
