0 0.501 0.415 0.200 0.019
0 0.360 0.593 0.229 0.018
0 0.500 0.388 0.420 0.025
0 0.834 0.137 0.129 0.013
0 0.501 0.137 0.103 0.014
0 0.168 0.137 0.134 0.014
0 0.869 0.070 0.224 0.018
3 0.891 0.975 0.142 0.050
0 0.330 0.993 0.169 0.014
0 0.377 0.965 0.264 0.019
2 0.122 0.963 0.123 0.073
0 0.194 0.898 0.267 0.014
3 0.881 0.800 0.161 0.054
0 0.332 0.817 0.173 0.018
0 0.353 0.788 0.219 0.020
2 0.122 0.798 0.123 0.099
0 0.353 0.705 0.216 0.018
3 0.881 0.687 0.161 0.054
0 0.345 0.678 0.201 0.023
2 0.122 0.687 0.123 0.099
3 0.881 0.575 0.161 0.054
0 0.481 0.565 0.471 0.024
2 0.120 0.574 0.119 0.099
0 0.160 0.496 0.200 0.014
2 0.500 0.313 0.999 0.282
1 0.030 0.069 0.019 0.022
0 0.211 0.071 0.098 0.027
2 0.087 0.069 0.049 0.031
4 0.500 0.018 0.999 0.035
