2 0.230 0.100 0.059 0.025
0 0.268 0.172 0.441 0.038
0 0.282 0.256 0.213 0.021
0 0.247 0.326 0.141 0.020
0 0.239 0.399 0.125 0.024
0 0.278 0.466 0.202 0.020
0 0.310 0.537 0.268 0.020
0 0.263 0.609 0.174 0.025
0 0.286 0.679 0.218 0.025
0 0.286 0.747 0.218 0.020
0 0.298 0.820 0.243 0.025
0 0.209 0.888 0.063 0.019
1 0.069 0.887 0.045 0.027
1 0.069 0.816 0.042 0.032
1 0.069 0.747 0.051 0.025
1 0.069 0.675 0.056 0.031
1 0.069 0.606 0.045 0.030
1 0.069 0.536 0.051 0.031
1 0.069 0.466 0.049 0.030
1 0.068 0.396 0.053 0.027
1 0.069 0.324 0.041 0.023
1 0.069 0.255 0.051 0.031
4 0.500 0.018 0.999 0.035
