4 0.501 0.019 0.998 0.036
2 0.501 0.077 0.424 0.031
3 0.501 0.288 0.902 0.060
3 0.501 0.358 0.902 0.060
0 0.502 0.420 0.033 0.016
5 0.499 0.482 0.898 0.061
0 0.134 0.482 0.091 0.017
5 0.499 0.538 0.898 0.059
0 0.130 0.540 0.081 0.017
5 0.499 0.599 0.898 0.062
0 0.163 0.598 0.148 0.017
7 0.627 0.657 0.172 0.027
7 0.155 0.657 0.135 0.027
0 0.186 0.657 0.072 0.018
0 0.658 0.657 0.109 0.017
5 0.500 0.722 0.900 0.047
0 0.181 0.728 0.185 0.018
3 0.500 0.775 0.900 0.058
0 0.188 0.774 0.202 0.017
0 0.494 0.890 0.848 0.047
