0 0.203 0.648 0.298 0.022
0 0.254 0.570 0.215 0.023
2 0.079 0.568 0.065 0.021
0 0.226 0.491 0.159 0.019
1 0.077 0.491 0.050 0.028
0 0.296 0.391 0.304 0.023
1 0.938 0.389 0.020 0.020
1 0.079 0.390 0.065 0.019
0 0.875 0.312 0.046 0.019
0 0.203 0.313 0.113 0.022
1 0.937 0.311 0.019 0.020
1 0.078 0.312 0.063 0.038
0 0.236 0.234 0.180 0.020
1 0.077 0.234 0.057 0.033
0 0.861 0.157 0.070 0.019
0 0.219 0.158 0.146 0.022
1 0.937 0.157 0.019 0.021
1 0.079 0.156 0.050 0.030
0 0.229 0.081 0.180 0.030
1 0.068 0.077 0.039 0.026
4 0.501 0.019 0.998 0.036
