1 0.064 0.865 0.048 0.030
2 0.064 0.778 0.050 0.030
2 0.064 0.690 0.050 0.031
1 0.064 0.603 0.051 0.031
2 0.064 0.516 0.051 0.028
1 0.064 0.428 0.051 0.030
1 0.064 0.341 0.051 0.026
1 0.064 0.254 0.050 0.030
2 0.064 0.166 0.050 0.031
1 0.064 0.079 0.051 0.028
0 0.248 0.866 0.143 0.024
0 0.245 0.777 0.139 0.019
0 0.285 0.690 0.216 0.020
0 0.229 0.602 0.105 0.020
0 0.234 0.515 0.119 0.020
0 0.266 0.430 0.176 0.025
0 0.225 0.341 0.094 0.019
0 0.366 0.255 0.381 0.025
0 0.235 0.166 0.119 0.019
0 0.267 0.078 0.180 0.020
4 0.500 0.018 0.999 0.035
