3 0.652 0.094 0.233 0.031
0 0.163 0.069 0.241 0.019
0 0.242 0.098 0.402 0.021
0 0.190 0.132 0.294 0.023
0 0.670 0.185 0.196 0.021
0 0.185 0.182 0.152 0.019
0 0.193 0.259 0.111 0.023
0 0.255 0.334 0.235 0.022
0 0.239 0.412 0.207 0.027
0 0.341 0.486 0.396 0.022
0 0.238 0.561 0.194 0.023
0 0.182 0.640 0.091 0.026
1 0.069 0.638 0.050 0.027
1 0.072 0.561 0.048 0.030
1 0.072 0.486 0.048 0.020
1 0.070 0.411 0.059 0.027
1 0.070 0.333 0.037 0.032
1 0.068 0.258 0.057 0.032
1 0.533 0.182 0.044 0.027
1 0.069 0.182 0.046 0.028
4 0.501 0.019 0.998 0.036
