2 0.069 0.177 0.057 0.037
1 0.069 0.246 0.061 0.036
2 0.069 0.315 0.067 0.020
1 0.069 0.470 0.057 0.036
1 0.069 0.540 0.061 0.037
1 0.069 0.611 0.059 0.035
0 0.632 0.611 0.020 0.017
0 0.215 0.613 0.115 0.022
0 0.632 0.541 0.020 0.018
0 0.250 0.541 0.189 0.017
0 0.212 0.471 0.113 0.019
0 0.090 0.400 0.098 0.018
0 0.190 0.317 0.065 0.018
0 0.223 0.247 0.135 0.018
0 0.236 0.177 0.157 0.019
1 0.612 0.077 0.061 0.037
1 0.069 0.077 0.081 0.048
0 0.326 0.093 0.378 0.021
0 0.229 0.066 0.187 0.022
4 0.501 0.019 0.998 0.036
