4 0.500 0.018 0.999 0.035
1 0.947 0.077 0.036 0.022
0 0.139 0.081 0.198 0.027
2 0.337 0.260 0.059 0.040
0 0.538 0.259 0.315 0.025
0 0.172 0.361 0.080 0.016
0 0.207 0.457 0.154 0.015
0 0.205 0.551 0.147 0.017
0 0.370 0.650 0.406 0.021
7 0.338 0.648 0.470 0.028
3 0.500 0.745 0.827 0.073
2 0.500 0.937 0.075 0.045
1 0.100 0.943 0.051 0.030
2 0.301 0.943 0.046 0.030
1 0.700 0.943 0.036 0.028
2 0.900 0.943 0.045 0.028
0 0.300 0.984 0.119 0.015
0 0.900 0.984 0.142 0.016
0 0.700 0.983 0.121 0.012
0 0.101 0.984 0.081 0.014
5 0.500 0.361 0.828 0.074
5 0.500 0.456 0.828 0.074
5 0.500 0.551 0.828 0.074
