0 0.134 0.112 0.148 0.013
7 0.880 0.187 0.043 0.026
0 0.409 0.205 0.702 0.017
0 0.311 0.176 0.503 0.028
0 0.194 0.283 0.269 0.022
0 0.381 0.395 0.640 0.018
0 0.314 0.364 0.509 0.022
7 0.879 0.378 0.043 0.026
7 0.879 0.477 0.044 0.026
0 0.420 0.494 0.723 0.041
0 0.306 0.454 0.492 0.027
0 0.146 0.553 0.178 0.017
0 0.168 0.640 0.213 0.017
0 0.225 0.611 0.328 0.027
0 0.136 0.736 0.152 0.017
0 0.129 0.704 0.133 0.022
0 0.113 0.788 0.108 0.017
0 0.226 0.861 0.333 0.027
0 0.117 0.953 0.116 0.022
1 0.020 0.071 0.020 0.022
0 0.119 0.074 0.158 0.026
4 0.500 0.018 0.999 0.035
