1 0.889 0.935 0.138 0.082
1 0.844 0.076 0.043 0.027
1 0.947 0.077 0.012 0.026
1 0.059 0.229 0.050 0.030
1 0.059 0.191 0.041 0.025
0 0.424 0.101 0.455 0.054
0 0.614 0.149 0.094 0.017
0 0.253 0.190 0.331 0.022
0 0.192 0.231 0.199 0.022
2 0.100 0.102 0.163 0.098
1 0.595 0.206 0.056 0.029
1 0.549 0.176 0.060 0.036
0 0.293 0.309 0.506 0.018
0 0.295 0.380 0.239 0.022
0 0.588 0.378 0.105 0.021
0 0.132 0.462 0.187 0.018
0 0.362 0.533 0.375 0.022
0 0.281 0.604 0.211 0.022
0 0.081 0.686 0.083 0.017
0 0.332 0.758 0.312 0.021
0 0.316 0.828 0.280 0.022
0 0.281 0.896 0.209 0.018
0 0.293 0.967 0.233 0.017
1 0.069 0.966 0.047 0.017
1 0.069 0.895 0.056 0.033
1 0.069 0.827 0.051 0.023
1 0.069 0.755 0.056 0.030
1 0.069 0.602 0.048 0.028
1 0.069 0.532 0.037 0.022
1 0.069 0.377 0.051 0.028
4 0.500 0.018 0.999 0.035
