0 0.346 0.077 0.337 0.022
2 0.833 0.937 0.315 0.126
2 0.501 0.937 0.313 0.126
2 0.169 0.937 0.315 0.126
0 0.153 0.838 0.183 0.023
1 0.947 0.078 0.013 0.025
1 0.844 0.077 0.050 0.029
1 0.729 0.076 0.046 0.028
1 0.069 0.077 0.039 0.023
0 0.336 0.764 0.228 0.022
1 0.144 0.761 0.065 0.039
0 0.268 0.691 0.091 0.018
2 0.144 0.691 0.050 0.030
0 0.302 0.622 0.163 0.019
2 0.143 0.619 0.070 0.026
0 0.295 0.551 0.150 0.019
2 0.143 0.551 0.059 0.045
0 0.305 0.483 0.169 0.023
2 0.144 0.479 0.076 0.045
0 0.282 0.413 0.120 0.023
1 0.144 0.410 0.057 0.036
0 0.269 0.341 0.098 0.019
1 0.143 0.339 0.044 0.020
0 0.183 0.274 0.115 0.025
4 0.501 0.019 0.998 0.036
