1 0.342 0.111 0.169 0.101
0 0.341 0.185 0.272 0.022
0 0.170 0.334 0.074 0.022
0 0.511 0.335 0.134 0.019
2 0.510 0.301 0.054 0.022
2 0.171 0.299 0.035 0.032
0 0.264 0.413 0.172 0.017
0 0.276 0.484 0.199 0.017
0 0.270 0.554 0.187 0.018
0 0.145 0.637 0.208 0.017
0 0.221 0.707 0.090 0.018
0 0.291 0.778 0.232 0.017
0 0.208 0.849 0.061 0.018
0 0.321 0.918 0.292 0.017
0 0.244 0.989 0.138 0.017
1 0.070 0.986 0.053 0.027
1 0.069 0.918 0.050 0.036
1 0.069 0.848 0.056 0.033
1 0.069 0.778 0.055 0.029
1 0.070 0.708 0.048 0.029
1 0.069 0.554 0.045 0.032
1 0.069 0.483 0.055 0.032
2 0.069 0.414 0.058 0.020
4 0.500 0.018 0.999 0.035
