0 0.403 0.069 0.509 0.024
1 0.947 0.076 0.011 0.025
1 0.069 0.077 0.041 0.025
0 0.727 0.077 0.060 0.015
0 0.844 0.077 0.067 0.014
0 0.174 0.093 0.056 0.015
0 0.245 0.215 0.412 0.018
0 0.424 0.251 0.768 0.030
0 0.128 0.295 0.178 0.017
2 0.503 0.491 0.931 0.309
7 0.282 0.716 0.269 0.027
0 0.313 0.716 0.207 0.017
1 0.753 0.793 0.118 0.070
2 0.248 0.793 0.112 0.067
2 0.500 0.793 0.103 0.064
0 0.490 0.843 0.188 0.017
0 0.238 0.843 0.190 0.016
0 0.753 0.843 0.144 0.017
2 0.509 0.918 0.095 0.070
2 0.754 0.918 0.116 0.062
1 0.248 0.918 0.094 0.056
0 0.249 0.967 0.146 0.016
0 0.490 0.968 0.188 0.017
0 0.753 0.970 0.163 0.020
4 0.500 0.018 0.999 0.035
