2 0.099 0.081 0.110 0.064
1 0.080 0.961 0.020 0.038
2 0.069 0.795 0.049 0.030
1 0.069 0.722 0.059 0.035
2 0.070 0.649 0.044 0.027
2 0.069 0.576 0.055 0.021
1 0.067 0.503 0.044 0.036
2 0.069 0.429 0.061 0.030
1 0.069 0.356 0.049 0.028
1 0.069 0.283 0.061 0.035
0 0.264 0.194 0.448 0.024
0 0.284 0.161 0.486 0.025
0 0.226 0.285 0.098 0.018
0 0.261 0.357 0.169 0.020
0 0.282 0.430 0.212 0.020
0 0.277 0.503 0.200 0.019
0 0.332 0.576 0.310 0.019
0 0.346 0.652 0.339 0.023
0 0.387 0.725 0.421 0.023
0 0.284 0.796 0.218 0.019
0 0.115 0.892 0.149 0.023
0 0.320 0.964 0.291 0.023
