1 0.893 0.935 0.138 0.084
1 0.943 0.077 0.057 0.034
2 0.081 0.068 0.090 0.054
0 0.249 0.071 0.198 0.030
0 0.227 0.159 0.376 0.028
0 0.390 0.200 0.705 0.042
0 0.123 0.285 0.169 0.023
1 0.295 0.284 0.123 0.075
1 0.440 0.156 0.033 0.020
1 0.482 0.156 0.034 0.021
1 0.525 0.156 0.034 0.020
1 0.081 0.378 0.075 0.037
1 0.085 0.449 0.069 0.041
1 0.084 0.520 0.069 0.046
1 0.085 0.590 0.065 0.039
2 0.256 0.971 0.298 0.030
0 0.539 0.972 0.255 0.017
0 0.240 0.381 0.139 0.027
0 0.248 0.452 0.158 0.027
0 0.322 0.522 0.306 0.027
0 0.213 0.593 0.086 0.027
4 0.500 0.018 0.999 0.035
