0 0.242 0.971 0.172 0.017
2 0.078 0.955 0.088 0.053
0 0.207 0.944 0.104 0.025
2 0.937 0.954 0.050 0.031
2 0.830 0.956 0.051 0.031
0 0.548 0.885 0.630 0.018
0 0.345 0.858 0.227 0.022
1 0.956 0.835 0.010 0.020
2 0.106 0.860 0.178 0.089
0 0.550 0.749 0.635 0.035
0 0.405 0.714 0.341 0.020
1 0.956 0.701 0.010 0.020
2 0.106 0.735 0.178 0.108
0 0.544 0.617 0.621 0.018
0 0.413 0.592 0.360 0.026
1 0.956 0.566 0.010 0.019
2 0.106 0.600 0.179 0.107
0 0.520 0.482 0.573 0.018
0 0.321 0.455 0.178 0.021
1 0.956 0.433 0.009 0.019
2 0.105 0.466 0.134 0.081
0 0.545 0.348 0.626 0.038
0 0.401 0.310 0.333 0.022
1 0.956 0.297 0.010 0.020
2 0.106 0.331 0.178 0.107
0 0.536 0.213 0.606 0.018
0 0.440 0.186 0.415 0.021
1 0.956 0.163 0.010 0.020
2 0.106 0.197 0.178 0.107
0 0.275 0.077 0.257 0.025
1 0.938 0.076 0.044 0.027
1 0.069 0.077 0.048 0.021
4 0.500 0.018 0.999 0.035
