2 0.830 0.955 0.050 0.031
2 0.105 0.241 0.181 0.109
2 0.078 0.953 0.088 0.054
0 0.246 0.968 0.185 0.014
0 0.304 0.940 0.299 0.020
2 0.937 0.953 0.051 0.030
1 0.956 0.880 0.010 0.020
2 0.106 0.882 0.181 0.045
0 0.342 0.781 0.217 0.027
1 0.957 0.746 0.010 0.020
2 0.106 0.780 0.181 0.109
0 0.316 0.644 0.163 0.022
1 0.956 0.612 0.010 0.019
2 0.105 0.645 0.181 0.109
0 0.284 0.512 0.104 0.026
1 0.957 0.477 0.010 0.020
2 0.105 0.511 0.181 0.109
0 0.375 0.378 0.286 0.027
1 0.956 0.343 0.010 0.020
2 0.106 0.376 0.181 0.108
0 0.372 0.243 0.278 0.027
1 0.957 0.208 0.010 0.020
0 0.405 0.154 0.731 0.021
0 0.269 0.077 0.241 0.024
1 0.938 0.076 0.044 0.027
1 0.069 0.077 0.048 0.021
4 0.500 0.018 0.999 0.035
