0 0.822 0.154 0.206 0.017
0 0.464 0.154 0.212 0.016
0 0.143 0.154 0.134 0.017
0 0.520 0.957 0.574 0.018
0 0.321 0.930 0.178 0.021
1 0.956 0.907 0.010 0.020
2 0.106 0.941 0.134 0.081
0 0.345 0.822 0.223 0.014
0 0.387 0.795 0.306 0.022
1 0.956 0.773 0.011 0.020
2 0.106 0.806 0.137 0.082
0 0.438 0.686 0.411 0.015
0 0.281 0.661 0.097 0.021
1 0.956 0.639 0.011 0.020
2 0.105 0.671 0.176 0.050
0 0.545 0.554 0.626 0.039
0 0.401 0.516 0.333 0.021
1 0.956 0.504 0.011 0.020
2 0.106 0.538 0.179 0.106
0 0.485 0.419 0.506 0.018
0 0.394 0.395 0.319 0.026
1 0.956 0.369 0.011 0.020
2 0.105 0.402 0.160 0.073
0 0.371 0.283 0.280 0.014
0 0.332 0.258 0.196 0.021
1 0.956 0.234 0.011 0.020
2 0.106 0.268 0.176 0.082
2 0.376 0.076 0.471 0.040
1 0.938 0.076 0.044 0.027
1 0.069 0.076 0.048 0.021
4 0.500 0.018 0.999 0.035
