0 0.340 0.960 0.451 0.023
1 0.057 0.957 0.040 0.023
0 0.262 0.882 0.297 0.022
1 0.057 0.879 0.044 0.017
0 0.222 0.800 0.214 0.019
1 0.057 0.800 0.044 0.020
0 0.201 0.725 0.176 0.022
1 0.055 0.722 0.040 0.025
0 0.248 0.644 0.269 0.020
2 0.057 0.643 0.038 0.023
0 0.221 0.567 0.216 0.023
1 0.057 0.565 0.036 0.023
0 0.229 0.488 0.233 0.023
1 0.055 0.486 0.040 0.023
0 0.217 0.408 0.206 0.020
1 0.057 0.408 0.032 0.023
0 0.169 0.331 0.112 0.018
1 0.056 0.330 0.035 0.021
1 0.058 0.251 0.039 0.021
0 0.175 0.251 0.119 0.017
1 0.637 0.124 0.025 0.023
0 0.308 0.143 0.181 0.020
0 0.328 0.110 0.215 0.024
1 0.110 0.123 0.172 0.104
4 0.500 0.018 0.999 0.035
