0 0.597 0.790 0.117 0.018
0 0.190 0.792 0.281 0.022
0 0.089 0.719 0.077 0.022
0 0.251 0.571 0.403 0.023
0 0.179 0.496 0.256 0.017
0 0.141 0.422 0.178 0.018
0 0.906 0.067 0.141 0.017
3 0.501 0.955 0.952 0.062
5 0.744 0.789 0.464 0.060
5 0.257 0.790 0.464 0.060
5 0.500 0.716 0.951 0.060
3 0.744 0.642 0.465 0.060
3 0.257 0.642 0.464 0.060
5 0.500 0.569 0.951 0.060
5 0.500 0.495 0.951 0.060
5 0.500 0.422 0.952 0.060
0 0.207 0.375 0.365 0.018
0 0.451 0.340 0.041 0.021
0 0.533 0.341 0.075 0.018
2 0.500 0.236 0.243 0.138
0 0.500 0.130 0.556 0.024
0 0.095 0.069 0.139 0.023
4 0.500 0.018 0.999 0.035
