1 0.866 0.904 0.194 0.017
1 0.682 0.364 0.074 0.014
1 0.695 0.380 0.050 0.014
1 0.708 0.395 0.023 0.013
1 0.672 0.350 0.097 0.014
1 0.659 0.334 0.122 0.014
1 0.866 0.736 0.199 0.025
1 0.867 0.465 0.194 0.027
1 0.136 0.339 0.195 0.024
0 0.967 0.153 0.066 0.016
0 0.701 0.153 0.233 0.017
0 0.327 0.153 0.281 0.017
0 0.034 0.153 0.067 0.017
1 0.074 0.073 0.057 0.034
0 0.198 0.957 0.073 0.025
0 0.083 0.957 0.103 0.036
3 0.806 0.956 0.343 0.060
0 0.285 0.905 0.201 0.017
2 0.091 0.903 0.108 0.018
0 0.555 0.817 0.741 0.045
0 0.254 0.765 0.142 0.018
0 0.338 0.740 0.306 0.021
1 0.093 0.753 0.111 0.058
2 0.281 0.620 0.194 0.118
0 0.539 0.535 0.708 0.022
0 0.254 0.494 0.142 0.018
0 0.285 0.468 0.200 0.021
2 0.093 0.486 0.111 0.067
0 0.120 0.369 0.165 0.020
0 0.391 0.290 0.315 0.018
0 0.390 0.264 0.311 0.018
0 0.586 0.230 0.704 0.020
2 0.117 0.257 0.159 0.095
1 0.941 0.076 0.045 0.027
0 0.212 0.077 0.145 0.025
4 0.500 0.018 0.999 0.035
