0 0.480 0.444 0.211 0.014
0 0.797 0.443 0.106 0.014
0 0.481 0.662 0.152 0.016
0 0.797 0.662 0.083 0.016
0 0.797 0.880 0.154 0.016
0 0.481 0.880 0.131 0.016
0 0.164 0.880 0.176 0.016
0 0.164 0.662 0.098 0.014
0 0.162 0.444 0.106 0.014
0 0.134 0.966 0.146 0.021
1 0.798 0.802 0.074 0.045
1 0.481 0.800 0.072 0.045
1 0.165 0.802 0.074 0.045
2 0.797 0.801 0.239 0.195
2 0.481 0.801 0.241 0.195
2 0.164 0.801 0.239 0.195
1 0.797 0.582 0.072 0.046
1 0.481 0.582 0.074 0.046
1 0.165 0.582 0.074 0.046
2 0.798 0.583 0.241 0.196
2 0.481 0.583 0.241 0.196
2 0.164 0.583 0.239 0.196
1 0.481 0.365 0.074 0.046
1 0.165 0.366 0.074 0.045
1 0.795 0.365 0.072 0.045
2 0.796 0.365 0.241 0.196
2 0.481 0.365 0.241 0.196
2 0.165 0.365 0.237 0.195
0 0.500 0.197 0.752 0.049
0 0.501 0.140 0.487 0.033
1 0.923 0.083 0.046 0.028
4 0.501 0.019 0.998 0.036
