0 0.319 0.287 0.285 0.020
0 0.289 0.360 0.226 0.025
0 0.377 0.433 0.402 0.025
0 0.304 0.944 0.256 0.020
1 0.069 0.941 0.054 0.031
0 0.225 0.872 0.094 0.020
1 0.070 0.870 0.052 0.026
0 0.324 0.804 0.293 0.026
2 0.070 0.800 0.048 0.035
0 0.217 0.732 0.081 0.020
1 0.070 0.730 0.052 0.030
0 0.123 0.664 0.165 0.017
0 0.225 0.575 0.369 0.018
0 0.523 0.504 0.691 0.023
1 0.069 0.503 0.046 0.028
1 0.069 0.431 0.046 0.028
1 0.071 0.360 0.046 0.028
1 0.069 0.287 0.046 0.028
0 0.537 0.217 0.722 0.023
1 0.069 0.216 0.046 0.028
0 0.227 0.081 0.098 0.030
1 0.947 0.077 0.013 0.026
1 0.844 0.077 0.046 0.027
0 0.101 0.152 0.120 0.022
1 0.070 0.077 0.037 0.022
4 0.501 0.019 0.998 0.036
