0 0.254 0.080 0.426 0.030
0 0.905 0.077 0.149 0.017
7 0.495 0.176 0.829 0.031
0 0.195 0.177 0.229 0.019
7 0.494 0.248 0.828 0.031
0 0.151 0.251 0.141 0.023
7 0.494 0.320 0.830 0.031
0 0.174 0.321 0.188 0.019
7 0.494 0.392 0.831 0.031
0 0.150 0.393 0.142 0.018
7 0.494 0.463 0.829 0.030
0 0.182 0.467 0.205 0.023
7 0.494 0.535 0.831 0.030
0 0.169 0.536 0.180 0.019
7 0.493 0.607 0.831 0.031
0 0.150 0.608 0.144 0.018
7 0.494 0.679 0.831 0.030
0 0.211 0.680 0.265 0.019
7 0.494 0.751 0.830 0.030
0 0.214 0.752 0.271 0.019
7 0.494 0.823 0.831 0.030
0 0.138 0.824 0.118 0.018
7 0.494 0.895 0.830 0.030
0 0.144 0.895 0.129 0.019
7 0.494 0.966 0.829 0.030
0 0.169 0.967 0.180 0.019
4 0.500 0.018 0.999 0.035
