0 0.211 0.720 0.074 0.019
0 0.253 0.651 0.154 0.022
0 0.231 0.579 0.115 0.019
0 0.265 0.435 0.178 0.019
0 0.224 0.365 0.096 0.019
0 0.237 0.301 0.122 0.022
0 0.232 0.789 0.113 0.020
0 0.223 0.860 0.091 0.019
0 0.233 0.930 0.119 0.018
1 0.070 0.578 0.052 0.030
1 0.070 0.929 0.052 0.026
0 0.712 0.930 0.061 0.018
1 0.069 0.860 0.043 0.031
1 0.069 0.789 0.054 0.032
1 0.070 0.720 0.056 0.028
1 0.069 0.649 0.046 0.022
0 0.709 0.649 0.041 0.017
0 0.110 0.519 0.143 0.019
3 0.697 0.439 0.124 0.037
1 0.069 0.439 0.054 0.032
3 0.697 0.368 0.124 0.037
1 0.069 0.368 0.057 0.023
2 0.070 0.299 0.048 0.029
0 0.710 0.300 0.039 0.018
0 0.229 0.227 0.380 0.023
0 0.132 0.198 0.187 0.022
1 0.119 0.106 0.159 0.095
1 0.710 0.211 0.028 0.009
4 0.501 0.019 0.998 0.036
