2 0.074 0.071 0.064 0.026
1 0.074 0.937 0.055 0.033
1 0.074 0.867 0.041 0.033
1 0.074 0.796 0.055 0.033
1 0.074 0.726 0.052 0.028
2 0.074 0.656 0.050 0.033
2 0.076 0.586 0.048 0.033
2 0.074 0.516 0.060 0.036
0 0.271 0.937 0.188 0.019
0 0.275 0.867 0.197 0.020
0 0.247 0.799 0.142 0.024
0 0.250 0.729 0.145 0.024
0 0.209 0.659 0.064 0.023
0 0.257 0.588 0.160 0.024
0 0.218 0.516 0.085 0.020
0 0.212 0.422 0.073 0.020
0 0.229 0.352 0.102 0.019
0 0.213 0.281 0.071 0.020
0 0.213 0.211 0.072 0.019
0 0.241 0.141 0.131 0.020
0 0.218 0.071 0.085 0.020
4 0.500 0.018 0.999 0.035
