0 0.127 0.159 0.176 0.019
0 0.187 0.188 0.296 0.019
1 0.729 0.191 0.023 0.022
1 0.113 0.103 0.149 0.089
0 0.315 0.259 0.275 0.018
0 0.296 0.330 0.236 0.022
0 0.273 0.401 0.191 0.022
0 0.256 0.471 0.156 0.022
0 0.234 0.538 0.113 0.018
0 0.235 0.608 0.118 0.018
0 0.249 0.677 0.142 0.018
0 0.276 0.747 0.197 0.018
0 0.241 0.819 0.126 0.022
0 0.253 0.887 0.150 0.018
1 0.070 0.886 0.046 0.028
1 0.070 0.817 0.045 0.028
1 0.070 0.747 0.042 0.028
1 0.070 0.677 0.045 0.026
1 0.070 0.607 0.045 0.018
1 0.070 0.538 0.047 0.018
1 0.070 0.469 0.045 0.027
1 0.069 0.398 0.026 0.028
2 0.070 0.328 0.036 0.027
1 0.069 0.259 0.046 0.026
3 0.681 0.328 0.079 0.028
3 0.681 0.398 0.079 0.028
3 0.681 0.468 0.079 0.028
3 0.681 0.607 0.080 0.028
3 0.681 0.747 0.079 0.028
4 0.500 0.018 0.999 0.035
