1 0.120 0.112 0.129 0.077
0 0.297 0.179 0.480 0.031
0 0.312 0.244 0.510 0.028
0 0.188 0.314 0.104 0.018
0 0.210 0.393 0.147 0.024
0 0.188 0.467 0.108 0.020
0 0.188 0.543 0.105 0.020
0 0.241 0.621 0.210 0.021
0 0.305 0.700 0.337 0.025
0 0.206 0.777 0.141 0.023
0 0.213 0.851 0.158 0.020
1 0.601 0.696 0.022 0.009
1 0.076 0.851 0.042 0.025
1 0.076 0.774 0.043 0.025
1 0.076 0.696 0.043 0.023
1 0.076 0.620 0.043 0.022
1 0.076 0.543 0.043 0.023
1 0.076 0.466 0.044 0.021
1 0.076 0.389 0.043 0.024
1 0.076 0.313 0.043 0.018
2 0.608 0.774 0.068 0.028
4 0.500 0.018 0.999 0.035
