0 0.746 0.986 0.119 0.016
0 0.780 0.951 0.181 0.040
0 0.414 0.987 0.102 0.019
0 0.468 0.950 0.213 0.041
0 0.165 0.986 0.259 0.016
0 0.096 0.951 0.126 0.040
2 0.828 0.821 0.252 0.152
2 0.502 0.821 0.281 0.167
2 0.174 0.815 0.281 0.158
0 0.933 0.696 0.067 0.016
0 0.607 0.696 0.067 0.014
0 0.281 0.696 0.067 0.014
0 0.753 0.660 0.128 0.016
0 0.784 0.640 0.187 0.020
0 0.119 0.661 0.167 0.013
0 0.148 0.638 0.226 0.018
0 0.460 0.660 0.194 0.016
0 0.475 0.637 0.224 0.017
2 0.827 0.519 0.280 0.168
2 0.501 0.519 0.280 0.168
2 0.174 0.519 0.281 0.168
3 0.891 0.385 0.122 0.041
0 0.276 0.389 0.448 0.030
0 0.094 0.292 0.089 0.016
0 0.822 0.268 0.259 0.018
0 0.264 0.261 0.428 0.023
2 0.502 0.187 0.152 0.091
0 0.249 0.081 0.202 0.030
1 0.940 0.076 0.061 0.037
1 0.069 0.076 0.050 0.022
4 0.501 0.019 0.998 0.036
