1 0.119 0.124 0.158 0.095
0 0.140 0.214 0.198 0.021
0 0.308 0.302 0.260 0.020
0 0.330 0.374 0.304 0.024
0 0.216 0.470 0.076 0.024
0 0.258 0.538 0.161 0.020
0 0.241 0.610 0.127 0.024
0 0.256 0.678 0.156 0.021
0 0.250 0.751 0.147 0.025
0 0.260 0.891 0.169 0.025
0 0.083 0.835 0.084 0.024
1 0.070 0.889 0.037 0.022
1 0.070 0.747 0.052 0.031
1 0.070 0.676 0.046 0.032
1 0.069 0.607 0.055 0.028
1 0.070 0.537 0.050 0.030
1 0.070 0.467 0.048 0.028
1 0.071 0.371 0.039 0.023
1 0.069 0.302 0.040 0.023
4 0.500 0.018 0.999 0.035
