1 0.932 0.077 0.057 0.041
0 0.200 0.069 0.103 0.018
0 0.250 0.138 0.203 0.024
0 0.250 0.202 0.203 0.019
0 0.253 0.271 0.214 0.023
0 0.237 0.335 0.180 0.020
0 0.196 0.404 0.095 0.023
0 0.279 0.470 0.262 0.023
0 0.299 0.534 0.302 0.020
0 0.219 0.604 0.144 0.023
0 0.209 0.670 0.121 0.023
1 0.074 0.666 0.055 0.038
1 0.074 0.599 0.062 0.037
1 0.074 0.533 0.064 0.037
2 0.074 0.467 0.053 0.037
1 0.074 0.401 0.070 0.037
1 0.074 0.334 0.063 0.037
1 0.073 0.268 0.044 0.037
1 0.074 0.201 0.064 0.038
1 0.074 0.135 0.076 0.038
1 0.074 0.069 0.069 0.038
4 0.500 0.018 0.999 0.035
