0 0.875 0.979 0.140 0.014
0 0.626 0.981 0.096 0.018
0 0.376 0.981 0.097 0.020
0 0.126 0.979 0.097 0.014
1 0.875 0.948 0.033 0.026
1 0.625 0.948 0.046 0.028
1 0.375 0.946 0.045 0.022
1 0.125 0.947 0.047 0.023
2 0.140 0.890 0.201 0.057
0 0.861 0.806 0.132 0.020
0 0.621 0.805 0.120 0.016
0 0.382 0.804 0.188 0.017
0 0.141 0.806 0.087 0.020
1 0.940 0.676 0.011 0.020
1 0.700 0.676 0.010 0.020
1 0.459 0.676 0.011 0.020
1 0.219 0.676 0.011 0.021
2 0.861 0.715 0.203 0.122
2 0.620 0.715 0.202 0.122
2 0.380 0.715 0.203 0.122
2 0.140 0.715 0.203 0.122
0 0.862 0.599 0.156 0.021
0 0.621 0.596 0.076 0.017
0 0.380 0.608 0.186 0.040
0 0.141 0.608 0.203 0.041
1 0.940 0.469 0.011 0.020
2 0.861 0.507 0.203 0.123
1 0.699 0.469 0.011 0.020
2 0.621 0.507 0.203 0.122
1 0.460 0.469 0.012 0.021
2 0.380 0.507 0.203 0.122
1 0.220 0.469 0.010 0.021
2 0.140 0.507 0.203 0.122
0 0.879 0.393 0.104 0.017
0 0.498 0.321 0.819 0.050
0 0.326 0.261 0.476 0.027
0 0.750 0.159 0.116 0.017
0 0.250 0.159 0.306 0.017
1 0.913 0.082 0.036 0.021
0 0.469 0.085 0.606 0.025
1 0.094 0.082 0.044 0.019
4 0.500 0.018 0.999 0.035
