1 0.740 0.248 0.138 0.083
0 0.875 0.979 0.140 0.015
0 0.626 0.981 0.105 0.020
0 0.376 0.980 0.089 0.019
0 0.126 0.979 0.097 0.015
1 0.875 0.948 0.033 0.026
1 0.625 0.946 0.046 0.028
1 0.375 0.948 0.045 0.022
1 0.125 0.947 0.046 0.023
0 0.740 0.846 0.267 0.017
0 0.260 0.847 0.298 0.017
2 0.740 0.812 0.462 0.210
2 0.260 0.812 0.461 0.210
0 0.742 0.557 0.226 0.017
0 0.261 0.557 0.273 0.017
2 0.740 0.557 0.462 0.278
2 0.260 0.557 0.463 0.278
0 0.741 0.319 0.165 0.017
0 0.261 0.319 0.106 0.017
1 0.260 0.247 0.148 0.081
1 0.912 0.082 0.036 0.022
0 0.469 0.085 0.606 0.024
1 0.093 0.082 0.043 0.018
2 0.740 0.268 0.462 0.279
5 0.500 0.082 0.944 0.072
2 0.261 0.268 0.462 0.278
4 0.500 0.018 0.999 0.035
