2 0.098 0.098 0.148 0.089
0 0.470 0.101 0.549 0.032
1 0.069 0.207 0.059 0.036
0 0.278 0.207 0.202 0.020
1 0.069 0.277 0.059 0.035
0 0.312 0.278 0.274 0.020
1 0.069 0.347 0.057 0.032
0 0.293 0.348 0.234 0.020
1 0.069 0.417 0.058 0.031
0 0.269 0.418 0.191 0.020
1 0.069 0.488 0.057 0.031
0 0.316 0.491 0.279 0.025
1 0.069 0.558 0.058 0.030
0 0.294 0.561 0.234 0.025
0 0.126 0.645 0.169 0.023
7 0.258 0.712 0.436 0.035
0 0.326 0.715 0.300 0.025
1 0.069 0.783 0.058 0.029
0 0.269 0.785 0.188 0.024
0 0.235 0.853 0.115 0.019
0 0.112 0.937 0.145 0.018
4 0.500 0.018 0.999 0.035
