1 0.073 0.076 0.068 0.040
0 0.226 0.079 0.121 0.025
0 0.230 0.147 0.131 0.020
1 0.073 0.158 0.067 0.040
0 0.312 0.175 0.295 0.016
0 0.267 0.228 0.208 0.022
2 0.075 0.239 0.072 0.032
0 0.325 0.256 0.318 0.017
0 0.241 0.313 0.149 0.025
2 0.087 0.320 0.097 0.038
0 0.377 0.340 0.423 0.020
0 0.246 0.392 0.157 0.020
2 0.075 0.404 0.058 0.035
0 0.403 0.422 0.474 0.019
2 0.058 0.486 0.040 0.023
0 0.206 0.489 0.198 0.025
7 0.194 0.569 0.309 0.027
0 0.227 0.570 0.243 0.025
2 0.058 0.644 0.039 0.023
0 0.206 0.645 0.200 0.015
1 0.058 0.714 0.040 0.023
0 0.153 0.715 0.096 0.015
4 0.500 0.018 0.999 0.035
