2 0.423 0.111 0.155 0.094
0 0.425 0.202 0.284 0.030
2 0.423 0.159 0.844 0.246
0 0.086 0.330 0.089 0.021
0 0.229 0.424 0.102 0.016
0 0.276 0.496 0.202 0.021
0 0.263 0.566 0.177 0.021
0 0.250 0.634 0.144 0.018
0 0.312 0.706 0.268 0.021
0 0.289 0.776 0.227 0.021
0 0.300 0.845 0.249 0.018
0 0.290 0.917 0.228 0.021
1 0.069 0.913 0.052 0.028
3 0.769 0.915 0.076 0.030
2 0.069 0.844 0.061 0.028
1 0.066 0.774 0.051 0.031
1 0.068 0.704 0.054 0.028
1 0.069 0.634 0.051 0.028
1 0.069 0.564 0.043 0.025
2 0.069 0.494 0.054 0.035
1 0.069 0.423 0.051 0.027
3 0.769 0.494 0.075 0.031
4 0.500 0.018 0.999 0.035
