0 0.522 0.430 0.176 0.018
0 0.469 0.367 0.072 0.023
0 0.523 0.299 0.178 0.018
1 0.907 0.945 0.136 0.083
1 0.948 0.072 0.056 0.033
3 0.609 0.072 0.220 0.045
3 0.390 0.072 0.218 0.045
1 0.051 0.072 0.051 0.018
3 0.501 0.619 0.920 0.059
0 0.226 0.817 0.373 0.023
3 0.500 0.757 0.921 0.060
3 0.733 0.685 0.456 0.059
3 0.269 0.685 0.456 0.059
5 0.684 0.552 0.554 0.059
2 0.224 0.425 0.240 0.145
5 0.684 0.459 0.554 0.115
5 0.684 0.365 0.554 0.060
5 0.684 0.299 0.553 0.059
0 0.500 0.226 0.352 0.029
4 0.500 0.018 0.999 0.035
