0 0.371 0.154 0.494 0.018
1 0.092 0.153 0.046 0.028
0 0.923 0.341 0.106 0.020
0 0.898 0.318 0.156 0.019
1 0.881 0.292 0.194 0.025
1 0.880 0.456 0.196 0.025
1 0.880 0.619 0.196 0.026
1 0.880 0.801 0.196 0.026
2 0.111 0.970 0.170 0.060
2 0.111 0.824 0.170 0.133
2 0.111 0.642 0.170 0.133
2 0.111 0.478 0.167 0.130
2 0.111 0.314 0.167 0.130
0 0.343 0.989 0.241 0.022
0 0.348 0.953 0.256 0.019
0 0.844 0.987 0.263 0.020
0 0.923 0.851 0.106 0.021
0 0.913 0.829 0.126 0.019
0 0.923 0.668 0.106 0.021
0 0.912 0.646 0.128 0.019
0 0.924 0.504 0.104 0.021
0 0.903 0.482 0.146 0.019
0 0.260 0.651 0.080 0.018
0 0.287 0.624 0.133 0.019
0 0.406 0.873 0.374 0.048
0 0.261 0.833 0.078 0.019
0 0.336 0.807 0.231 0.021
0 0.272 0.773 0.107 0.025
0 0.406 0.692 0.372 0.048
0 0.294 0.590 0.150 0.023
0 0.406 0.487 0.374 0.074
0 0.339 0.426 0.241 0.023
0 0.406 0.323 0.374 0.076
0 0.379 0.263 0.320 0.026
0 0.334 0.212 0.502 0.022
1 0.045 0.210 0.043 0.026
1 0.170 0.077 0.048 0.038
0 0.913 0.154 0.096 0.019
2 0.827 0.153 0.057 0.038
5 0.408 0.158 0.720 0.040
0 0.927 0.079 0.098 0.022
1 0.844 0.076 0.048 0.032
0 0.496 0.077 0.563 0.022
1 0.069 0.076 0.050 0.035
4 0.501 0.019 0.998 0.036
