0 0.811 0.967 0.258 0.036
0 0.476 0.968 0.231 0.036
0 0.131 0.968 0.187 0.037
2 0.821 0.848 0.306 0.185
2 0.500 0.848 0.306 0.185
2 0.179 0.848 0.306 0.185
0 0.777 0.713 0.193 0.016
0 0.453 0.687 0.185 0.012
0 0.102 0.689 0.131 0.016
0 0.775 0.675 0.188 0.040
0 0.419 0.663 0.116 0.015
0 0.145 0.663 0.217 0.015
2 0.821 0.554 0.307 0.185
2 0.500 0.554 0.308 0.186
2 0.178 0.554 0.306 0.183
0 0.776 0.419 0.194 0.015
0 0.457 0.394 0.194 0.015
0 0.125 0.394 0.171 0.012
0 0.793 0.381 0.224 0.039
0 0.483 0.369 0.250 0.015
0 0.075 0.369 0.073 0.014
2 0.820 0.260 0.306 0.183
2 0.500 0.259 0.307 0.183
2 0.179 0.259 0.307 0.186
0 0.900 0.126 0.139 0.023
0 0.669 0.123 0.206 0.020
0 0.416 0.127 0.183 0.022
0 0.132 0.124 0.258 0.019
1 0.875 0.065 0.065 0.038
1 0.625 0.065 0.066 0.040
2 0.375 0.065 0.066 0.040
1 0.125 0.065 0.064 0.039
4 0.500 0.018 0.999 0.035
