1 0.113 0.091 0.148 0.089
1 0.611 0.240 0.042 0.031
0 0.126 0.212 0.177 0.018
0 0.227 0.246 0.378 0.024
2 0.341 0.159 0.678 0.246
0 0.222 0.329 0.093 0.017
0 0.255 0.399 0.158 0.017
0 0.243 0.470 0.132 0.022
0 0.275 0.541 0.203 0.022
0 0.313 0.611 0.274 0.022
0 0.276 0.681 0.198 0.022
0 0.309 0.752 0.266 0.022
0 0.238 0.822 0.125 0.021
1 0.069 0.819 0.051 0.031
2 0.069 0.749 0.051 0.031
1 0.069 0.679 0.047 0.031
1 0.069 0.608 0.041 0.027
1 0.066 0.538 0.052 0.032
2 0.067 0.468 0.051 0.032
1 0.069 0.399 0.054 0.029
1 0.069 0.327 0.050 0.028
4 0.500 0.018 0.999 0.035
