0 0.175 0.246 0.269 0.021
1 0.613 0.241 0.051 0.032
2 0.112 0.091 0.130 0.078
2 0.340 0.158 0.679 0.245
0 0.223 0.329 0.092 0.017
0 0.256 0.399 0.157 0.017
0 0.243 0.470 0.133 0.022
0 0.276 0.541 0.202 0.022
0 0.313 0.611 0.275 0.022
0 0.275 0.681 0.199 0.022
0 0.309 0.751 0.267 0.021
0 0.238 0.822 0.126 0.021
1 0.069 0.819 0.050 0.032
2 0.069 0.749 0.053 0.031
1 0.069 0.679 0.048 0.031
1 0.069 0.608 0.038 0.027
1 0.066 0.539 0.052 0.031
2 0.068 0.469 0.051 0.032
1 0.069 0.399 0.054 0.029
1 0.069 0.327 0.051 0.027
4 0.500 0.018 0.999 0.035
