2 0.341 0.121 0.635 0.074
3 0.341 0.220 0.632 0.060
0 0.219 0.312 0.085 0.018
0 0.240 0.383 0.127 0.022
0 0.302 0.454 0.253 0.023
0 0.252 0.523 0.154 0.022
0 0.223 0.594 0.094 0.022
0 0.111 0.687 0.146 0.017
0 0.075 0.759 0.070 0.021
0 0.139 0.827 0.200 0.017
0 0.094 0.898 0.109 0.017
1 0.409 0.687 0.080 0.048
1 0.506 0.687 0.079 0.040
2 0.603 0.686 0.080 0.048
2 0.069 0.591 0.046 0.028
1 0.069 0.521 0.042 0.025
2 0.069 0.451 0.053 0.020
1 0.069 0.381 0.045 0.017
2 0.069 0.310 0.051 0.025
4 0.500 0.018 0.999 0.035
