0 0.105 0.212 0.130 0.027
0 0.216 0.297 0.078 0.018
0 0.086 0.380 0.093 0.018
0 0.251 0.450 0.155 0.018
0 0.250 0.522 0.153 0.021
0 0.270 0.592 0.189 0.022
0 0.241 0.661 0.131 0.018
0 0.304 0.731 0.258 0.018
0 0.276 0.803 0.201 0.021
0 0.205 0.887 0.329 0.021
0 0.305 0.955 0.259 0.017
1 0.069 0.954 0.047 0.025
1 0.069 0.801 0.041 0.025
1 0.069 0.731 0.045 0.028
2 0.069 0.661 0.032 0.028
1 0.069 0.590 0.046 0.027
1 0.069 0.520 0.046 0.023
2 0.068 0.449 0.058 0.036
1 0.069 0.296 0.046 0.026
4 0.500 0.018 0.999 0.035
