2 0.142 0.204 0.280 0.169
0 0.577 0.843 0.106 0.021
0 0.578 0.816 0.107 0.020
0 0.741 0.772 0.426 0.046
0 0.084 0.843 0.106 0.020
0 0.083 0.816 0.107 0.020
0 0.254 0.771 0.444 0.047
0 0.386 0.236 0.161 0.018
0 0.540 0.209 0.465 0.023
0 0.463 0.177 0.319 0.025
1 0.938 0.081 0.061 0.037
1 0.826 0.079 0.059 0.039
1 0.069 0.078 0.043 0.025
1 0.631 0.453 0.144 0.086
1 0.369 0.454 0.146 0.087
1 0.369 0.620 0.146 0.086
0 0.370 0.692 0.130 0.018
0 0.632 0.527 0.109 0.022
0 0.371 0.526 0.117 0.019
0 0.539 0.340 0.311 0.022
1 0.217 0.339 0.059 0.037
4 0.501 0.019 0.998 0.036
