0 0.195 0.068 0.317 0.031
0 0.190 0.100 0.300 0.022
0 0.222 0.183 0.091 0.018
0 0.267 0.277 0.181 0.019
0 0.243 0.348 0.134 0.017
0 0.264 0.417 0.176 0.020
0 0.246 0.488 0.141 0.018
0 0.271 0.558 0.191 0.018
0 0.333 0.654 0.314 0.018
0 0.283 0.724 0.212 0.019
0 0.238 0.821 0.127 0.021
1 0.069 0.819 0.050 0.031
1 0.069 0.723 0.051 0.031
1 0.069 0.653 0.051 0.029
1 0.069 0.558 0.044 0.027
1 0.069 0.487 0.051 0.029
2 0.069 0.418 0.051 0.031
1 0.069 0.348 0.047 0.032
1 0.069 0.277 0.042 0.031
1 0.069 0.181 0.050 0.027
4 0.500 0.018 0.999 0.035
