0 0.211 0.957 0.319 0.029
7 0.280 0.862 0.070 0.043
7 0.919 0.862 0.078 0.046
7 0.599 0.862 0.076 0.046
2 0.820 0.870 0.296 0.074
2 0.499 0.870 0.294 0.074
2 0.180 0.870 0.296 0.074
0 0.757 0.798 0.111 0.018
0 0.494 0.798 0.226 0.014
0 0.119 0.799 0.109 0.019
7 0.600 0.671 0.074 0.046
7 0.281 0.670 0.072 0.045
7 0.921 0.669 0.080 0.047
2 0.820 0.729 0.296 0.178
2 0.501 0.729 0.298 0.177
2 0.181 0.729 0.298 0.178
0 0.751 0.605 0.102 0.014
0 0.430 0.604 0.096 0.014
0 0.131 0.605 0.139 0.019
7 0.920 0.477 0.070 0.042
7 0.599 0.476 0.072 0.045
7 0.280 0.477 0.074 0.045
2 0.820 0.536 0.296 0.179
2 0.499 0.536 0.294 0.179
2 0.180 0.536 0.296 0.179
0 0.788 0.411 0.172 0.016
0 0.492 0.412 0.220 0.018
0 0.169 0.411 0.211 0.016
7 0.920 0.283 0.070 0.042
7 0.599 0.283 0.076 0.047
7 0.280 0.283 0.074 0.045
2 0.820 0.343 0.296 0.178
2 0.501 0.342 0.298 0.178
2 0.181 0.343 0.296 0.177
0 0.502 0.160 0.656 0.057
0 0.500 0.096 0.656 0.035
4 0.501 0.019 0.998 0.036
