0 0.915 0.151 0.119 0.017
0 0.732 0.151 0.124 0.017
0 0.548 0.152 0.122 0.016
0 0.369 0.151 0.109 0.017
0 0.158 0.151 0.187 0.017
2 0.743 0.968 0.478 0.065
2 0.261 0.968 0.478 0.065
0 0.188 0.861 0.254 0.022
0 0.219 0.817 0.311 0.025
2 0.742 0.675 0.476 0.184
2 0.260 0.675 0.476 0.184
0 0.230 0.506 0.333 0.018
0 0.235 0.465 0.344 0.025
2 0.819 0.361 0.317 0.105
2 0.821 0.253 0.317 0.105
2 0.341 0.307 0.633 0.213
1 0.704 0.077 0.026 0.021
0 0.413 0.076 0.474 0.025
1 0.069 0.077 0.043 0.026
4 0.501 0.019 0.998 0.036
