0 0.254 0.229 0.428 0.025
0 0.146 0.197 0.216 0.026
0 0.209 0.288 0.104 0.019
0 0.212 0.361 0.112 0.020
0 0.270 0.437 0.226 0.024
0 0.270 0.510 0.228 0.025
0 0.274 0.581 0.235 0.023
0 0.215 0.653 0.117 0.020
0 0.228 0.731 0.144 0.025
0 0.300 0.803 0.284 0.025
1 0.078 0.801 0.051 0.031
1 0.079 0.728 0.050 0.031
1 0.079 0.653 0.052 0.031
1 0.079 0.579 0.056 0.030
1 0.079 0.507 0.052 0.025
1 0.080 0.433 0.044 0.021
2 0.079 0.361 0.047 0.026
1 0.079 0.287 0.050 0.026
1 0.662 0.210 0.027 0.009
1 0.117 0.106 0.158 0.095
4 0.500 0.018 0.999 0.035
