3 0.879 0.285 0.072 0.023
0 0.377 0.988 0.083 0.019
2 0.129 0.945 0.066 0.038
1 0.376 0.945 0.065 0.037
0 0.871 0.986 0.041 0.014
0 0.625 0.987 0.111 0.018
0 0.130 0.986 0.086 0.015
1 0.870 0.945 0.050 0.031
1 0.624 0.945 0.062 0.038
1 0.941 0.890 0.020 0.020
0 0.316 0.892 0.478 0.023
1 0.780 0.797 0.048 0.030
0 0.173 0.800 0.191 0.026
1 0.942 0.704 0.019 0.021
0 0.647 0.706 0.521 0.023
0 0.207 0.706 0.260 0.020
1 0.941 0.612 0.019 0.020
0 0.267 0.615 0.376 0.026
1 0.941 0.533 0.019 0.020
0 0.173 0.537 0.188 0.025
1 0.942 0.441 0.019 0.021
0 0.269 0.445 0.378 0.025
1 0.942 0.363 0.019 0.021
0 0.204 0.366 0.251 0.026
1 0.942 0.285 0.019 0.021
0 0.186 0.285 0.214 0.021
1 0.942 0.116 0.022 0.021
0 0.464 0.120 0.344 0.030
1 0.161 0.116 0.170 0.103
