1 0.068 0.076 0.042 0.025
0 0.395 0.108 0.370 0.029
7 0.464 0.171 0.503 0.030
0 0.522 0.171 0.387 0.022
7 0.319 0.241 0.213 0.030
0 0.377 0.242 0.098 0.021
7 0.387 0.312 0.348 0.030
0 0.444 0.312 0.235 0.022
7 0.396 0.382 0.366 0.030
0 0.452 0.382 0.253 0.021
0 0.542 0.455 0.434 0.057
7 0.487 0.455 0.549 0.059
7 0.326 0.523 0.226 0.031
0 0.382 0.526 0.114 0.026
7 0.337 0.593 0.248 0.030
0 0.394 0.593 0.133 0.021
7 0.416 0.663 0.406 0.031
0 0.474 0.665 0.291 0.027
7 0.489 0.733 0.552 0.031
0 0.547 0.736 0.436 0.026
7 0.317 0.803 0.208 0.030
0 0.375 0.804 0.094 0.021
7 0.398 0.873 0.369 0.030
0 0.455 0.873 0.255 0.022
0 0.572 0.936 0.129 0.016
0 0.744 0.936 0.045 0.016
4 0.500 0.018 0.999 0.035
