2 0.069 0.963 0.039 0.023
2 0.069 0.893 0.026 0.023
2 0.069 0.823 0.021 0.023
2 0.069 0.753 0.039 0.021
2 0.069 0.682 0.047 0.035
2 0.069 0.612 0.039 0.011
2 0.069 0.542 0.036 0.023
2 0.069 0.472 0.047 0.019
2 0.069 0.399 0.038 0.026
1 0.069 0.329 0.051 0.026
0 0.322 0.964 0.294 0.018
0 0.336 0.894 0.319 0.017
0 0.358 0.824 0.362 0.019
0 0.344 0.753 0.335 0.017
0 0.279 0.683 0.203 0.017
0 0.320 0.613 0.287 0.017
0 0.360 0.543 0.366 0.017
0 0.246 0.473 0.138 0.017
0 0.219 0.401 0.084 0.017
0 0.223 0.331 0.092 0.017
0 0.159 0.243 0.237 0.022
0 0.110 0.202 0.144 0.018
1 0.137 0.118 0.165 0.100
4 0.500 0.018 0.999 0.035
