0 0.377 0.965 0.364 0.019
1 0.098 0.964 0.032 0.035
0 0.353 0.881 0.315 0.019
1 0.098 0.881 0.054 0.026
0 0.245 0.798 0.097 0.019
1 0.098 0.797 0.054 0.035
0 0.235 0.714 0.075 0.018
1 0.098 0.713 0.056 0.033
0 0.084 0.659 0.089 0.017
0 0.241 0.581 0.087 0.018
6 0.098 0.580 0.059 0.010
0 0.247 0.498 0.103 0.019
1 0.098 0.497 0.057 0.035
1 0.098 0.401 0.051 0.036
0 0.261 0.418 0.128 0.017
0 0.393 0.388 0.395 0.019
1 0.098 0.293 0.058 0.024
0 0.308 0.312 0.221 0.020
0 0.331 0.283 0.269 0.023
0 0.255 0.201 0.116 0.023
2 0.099 0.198 0.058 0.035
0 0.104 0.146 0.126 0.021
0 0.266 0.080 0.178 0.028
1 0.069 0.077 0.041 0.024
4 0.500 0.018 0.999 0.035
