0 0.501 0.109 0.213 0.036
3 0.501 0.390 0.843 0.072
0 0.502 0.450 0.044 0.022
5 0.501 0.503 0.828 0.030
0 0.134 0.499 0.087 0.020
5 0.290 0.564 0.406 0.031
5 0.711 0.564 0.407 0.031
0 0.596 0.559 0.167 0.021
0 0.176 0.560 0.170 0.020
5 0.501 0.632 0.828 0.036
0 0.190 0.625 0.198 0.021
7 0.606 0.696 0.180 0.028
7 0.175 0.696 0.143 0.029
0 0.206 0.695 0.080 0.021
0 0.638 0.696 0.117 0.021
5 0.501 0.766 0.828 0.031
0 0.166 0.762 0.150 0.021
0 0.503 0.837 0.524 0.048
3 0.500 0.918 0.844 0.070
4 0.501 0.019 0.998 0.036
