1 0.947 0.078 0.013 0.027
1 0.069 0.079 0.043 0.025
0 0.240 0.080 0.128 0.021
1 0.844 0.079 0.043 0.019
0 0.333 0.262 0.244 0.025
2 0.675 0.358 0.080 0.048
2 0.326 0.359 0.078 0.042
0 0.325 0.402 0.124 0.023
0 0.672 0.415 0.167 0.048
0 0.326 0.427 0.122 0.016
0 0.676 0.453 0.163 0.016
1 0.326 0.548 0.074 0.048
1 0.673 0.548 0.080 0.048
0 0.328 0.589 0.174 0.019
0 0.670 0.603 0.211 0.046
0 0.327 0.616 0.172 0.016
0 0.488 0.736 0.350 0.059
7 0.439 0.736 0.452 0.059
0 0.481 0.868 0.883 0.059
4 0.501 0.019 0.998 0.036
