1 0.069 0.663 0.057 0.023
0 0.075 0.198 0.069 0.018
0 0.242 0.314 0.136 0.022
0 0.329 0.383 0.308 0.018
0 0.238 0.453 0.127 0.018
0 0.270 0.525 0.190 0.021
0 0.314 0.594 0.276 0.017
0 0.221 0.666 0.093 0.022
0 0.250 0.734 0.149 0.017
0 0.230 0.804 0.107 0.017
0 0.219 0.847 0.083 0.018
0 0.239 0.910 0.126 0.021
0 0.221 0.969 0.094 0.017
1 0.069 0.969 0.043 0.026
1 0.069 0.908 0.042 0.026
1 0.069 0.847 0.044 0.022
2 0.069 0.804 0.056 0.019
1 0.069 0.733 0.057 0.028
2 0.069 0.593 0.051 0.035
2 0.069 0.523 0.045 0.035
2 0.068 0.453 0.040 0.023
2 0.069 0.382 0.049 0.035
1 0.070 0.312 0.056 0.021
4 0.500 0.018 0.999 0.035
