0 0.227 0.230 0.376 0.030
3 0.612 0.227 0.183 0.043
2 0.371 0.150 0.741 0.229
0 0.214 0.300 0.096 0.020
0 0.251 0.370 0.168 0.020
0 0.216 0.440 0.096 0.019
0 0.204 0.512 0.075 0.025
0 0.225 0.582 0.116 0.025
0 0.236 0.653 0.141 0.024
0 0.235 0.723 0.138 0.024
1 0.064 0.720 0.028 0.028
1 0.064 0.650 0.045 0.027
1 0.064 0.580 0.045 0.028
2 0.064 0.509 0.041 0.028
2 0.064 0.439 0.033 0.028
1 0.064 0.370 0.030 0.023
1 0.064 0.299 0.045 0.027
1 0.674 0.509 0.046 0.027
1 0.674 0.580 0.046 0.028
4 0.500 0.018 0.999 0.035
