0 0.827 0.362 0.216 0.027
1 0.892 0.935 0.140 0.082
2 0.342 0.103 0.162 0.098
2 0.339 0.180 0.242 0.035
0 0.253 0.280 0.156 0.022
0 0.294 0.350 0.241 0.022
0 0.253 0.418 0.156 0.018
0 0.268 0.487 0.182 0.018
0 0.260 0.558 0.169 0.018
0 0.264 0.628 0.174 0.018
0 0.231 0.700 0.109 0.022
0 0.103 0.796 0.126 0.022
0 0.178 0.866 0.279 0.022
0 0.139 0.936 0.199 0.022
1 0.068 0.698 0.053 0.028
1 0.069 0.628 0.041 0.032
1 0.069 0.557 0.047 0.032
1 0.069 0.488 0.054 0.036
1 0.069 0.418 0.051 0.031
2 0.069 0.347 0.058 0.030
1 0.069 0.277 0.045 0.032
4 0.500 0.018 0.999 0.035
