0 0.329 0.193 0.130 0.021
1 0.224 0.193 0.056 0.033
0 0.777 0.913 0.084 0.017
0 0.235 0.913 0.106 0.020
0 0.778 0.850 0.087 0.018
0 0.258 0.850 0.155 0.020
0 0.789 0.786 0.065 0.018
0 0.269 0.788 0.177 0.024
0 0.796 0.722 0.036 0.018
0 0.352 0.724 0.344 0.025
0 0.796 0.658 0.035 0.018
0 0.255 0.659 0.148 0.023
0 0.778 0.594 0.086 0.018
0 0.246 0.596 0.129 0.025
0 0.778 0.530 0.086 0.019
0 0.252 0.530 0.146 0.021
0 0.799 0.465 0.038 0.017
0 0.338 0.467 0.318 0.020
0 0.778 0.402 0.085 0.019
0 0.246 0.404 0.129 0.026
0 0.778 0.338 0.086 0.019
0 0.248 0.338 0.138 0.021
0 0.788 0.273 0.062 0.018
0 0.291 0.276 0.221 0.026
5 0.500 0.200 0.675 0.047
0 0.379 0.098 0.413 0.032
4 0.500 0.018 0.999 0.035
