1 0.069 0.822 0.043 0.026
1 0.069 0.771 0.043 0.026
1 0.069 0.717 0.043 0.025
1 0.069 0.664 0.043 0.026
1 0.070 0.611 0.041 0.025
1 0.069 0.527 0.039 0.025
1 0.069 0.475 0.043 0.016
1 0.070 0.392 0.041 0.026
2 0.069 0.341 0.043 0.021
2 0.069 0.287 0.043 0.025
2 0.069 0.233 0.043 0.020
2 0.069 0.181 0.031 0.026
1 0.766 0.094 0.065 0.038
1 0.069 0.086 0.043 0.023
0 0.099 0.959 0.098 0.018
0 0.118 0.905 0.135 0.018
0 0.230 0.824 0.181 0.021
0 0.217 0.771 0.156 0.022
0 0.226 0.719 0.174 0.022
0 0.198 0.666 0.119 0.021
0 0.231 0.613 0.185 0.022
0 0.235 0.528 0.193 0.018
0 0.218 0.475 0.161 0.019
0 0.244 0.392 0.211 0.019
0 0.269 0.341 0.265 0.022
0 0.289 0.287 0.300 0.019
0 0.202 0.236 0.126 0.023
0 0.223 0.182 0.169 0.018
0 0.181 0.090 0.093 0.018
4 0.501 0.019 0.998 0.036
