0 0.325 0.110 0.232 0.026
7 0.340 0.168 0.255 0.034
0 0.398 0.169 0.139 0.030
7 0.380 0.236 0.333 0.030
0 0.437 0.237 0.219 0.023
7 0.370 0.306 0.314 0.030
0 0.428 0.307 0.198 0.023
7 0.399 0.378 0.373 0.033
0 0.457 0.380 0.256 0.030
7 0.344 0.446 0.265 0.031
0 0.403 0.447 0.148 0.024
7 0.337 0.517 0.248 0.030
0 0.395 0.517 0.132 0.024
7 0.358 0.588 0.291 0.034
0 0.416 0.591 0.175 0.029
7 0.359 0.657 0.293 0.030
0 0.417 0.658 0.177 0.023
7 0.339 0.727 0.253 0.031
0 0.397 0.728 0.137 0.024
7 0.357 0.799 0.289 0.033
0 0.415 0.801 0.173 0.030
7 0.373 0.868 0.319 0.030
0 0.431 0.868 0.204 0.024
0 0.744 0.936 0.050 0.018
0 0.562 0.936 0.145 0.017
4 0.500 0.018 0.999 0.035
