1 0.946 0.077 0.013 0.025
0 0.235 0.175 0.391 0.027
0 0.126 0.204 0.172 0.021
0 0.283 0.288 0.217 0.018
0 0.321 0.358 0.292 0.017
0 0.231 0.430 0.108 0.021
0 0.215 0.500 0.078 0.022
0 0.248 0.569 0.144 0.017
0 0.250 0.639 0.145 0.017
0 0.275 0.709 0.203 0.018
0 0.102 0.806 0.129 0.021
0 0.224 0.876 0.368 0.021
3 0.341 0.965 0.680 0.069
2 0.069 0.708 0.051 0.031
1 0.069 0.638 0.042 0.022
1 0.069 0.568 0.045 0.028
2 0.069 0.498 0.051 0.030
1 0.069 0.427 0.052 0.029
1 0.069 0.357 0.051 0.030
1 0.069 0.286 0.045 0.031
4 0.500 0.018 0.999 0.035
