1 0.945 0.077 0.013 0.025
1 0.844 0.077 0.061 0.038
1 0.728 0.077 0.059 0.037
0 0.288 0.084 0.228 0.020
0 0.280 0.155 0.211 0.025
0 0.270 0.224 0.189 0.021
0 0.324 0.295 0.300 0.025
0 0.268 0.364 0.183 0.021
0 0.372 0.435 0.396 0.025
0 0.385 0.506 0.422 0.023
0 0.330 0.575 0.315 0.021
0 0.224 0.671 0.096 0.019
0 0.231 0.740 0.111 0.018
0 0.206 0.810 0.061 0.019
1 0.070 0.810 0.052 0.030
1 0.071 0.739 0.054 0.029
1 0.069 0.669 0.054 0.031
2 0.070 0.577 0.059 0.029
2 0.069 0.503 0.054 0.023
1 0.071 0.436 0.057 0.027
1 0.070 0.363 0.052 0.031
1 0.069 0.293 0.061 0.025
2 0.071 0.223 0.061 0.036
2 0.070 0.152 0.059 0.032
1 0.069 0.082 0.050 0.027
4 0.501 0.019 0.998 0.036
