0 0.367 0.082 0.262 0.031
0 0.356 0.116 0.246 0.026
0 0.567 0.190 0.250 0.018
0 0.160 0.190 0.240 0.021
1 0.118 0.090 0.159 0.088
0 0.302 0.290 0.254 0.025
0 0.303 0.358 0.252 0.022
0 0.294 0.428 0.233 0.020
0 0.275 0.501 0.195 0.025
0 0.268 0.568 0.182 0.021
0 0.251 0.641 0.152 0.025
0 0.248 0.712 0.144 0.024
1 0.069 0.708 0.051 0.031
1 0.069 0.638 0.054 0.032
1 0.069 0.567 0.046 0.032
1 0.069 0.498 0.056 0.035
1 0.069 0.428 0.058 0.028
1 0.070 0.357 0.056 0.028
0 0.291 0.962 0.504 0.051
4 0.500 0.018 0.999 0.035
