0 0.293 0.697 0.152 0.019
0 0.248 0.617 0.063 0.019
0 0.281 0.537 0.128 0.019
2 0.096 0.537 0.041 0.030
2 0.099 0.616 0.043 0.026
1 0.101 0.697 0.043 0.027
1 0.728 0.071 0.044 0.029
1 0.946 0.071 0.015 0.028
0 0.356 0.940 0.280 0.025
2 0.102 0.936 0.048 0.025
0 0.306 0.860 0.180 0.025
2 0.100 0.857 0.052 0.031
0 0.339 0.780 0.244 0.025
2 0.099 0.777 0.043 0.029
0 0.275 0.457 0.120 0.019
2 0.099 0.457 0.054 0.030
0 0.281 0.376 0.130 0.019
2 0.099 0.376 0.050 0.031
0 0.324 0.297 0.219 0.020
2 0.100 0.296 0.048 0.028
0 0.289 0.217 0.144 0.018
1 0.099 0.215 0.046 0.027
0 0.834 0.142 0.050 0.018
0 0.502 0.142 0.137 0.017
0 0.169 0.142 0.104 0.018
0 0.124 0.071 0.170 0.026
1 0.844 0.071 0.046 0.029
4 0.501 0.019 0.998 0.036
