1 0.069 0.077 0.043 0.026
1 0.931 0.078 0.052 0.031
0 0.317 0.972 0.552 0.019
1 0.883 0.930 0.122 0.074
0 0.091 0.905 0.100 0.017
0 0.106 0.873 0.130 0.016
0 0.452 0.837 0.822 0.020
0 0.143 0.792 0.204 0.019
3 0.861 0.778 0.200 0.037
0 0.092 0.726 0.102 0.018
0 0.107 0.692 0.130 0.017
0 0.428 0.644 0.774 0.045
0 0.169 0.588 0.256 0.022
0 0.091 0.499 0.100 0.020
0 0.332 0.449 0.583 0.046
2 0.834 0.455 0.254 0.153
0 0.107 0.391 0.133 0.023
0 0.501 0.307 0.202 0.026
0 0.092 0.223 0.102 0.018
0 0.258 0.185 0.435 0.017
0 0.165 0.140 0.252 0.019
0 0.502 0.067 0.622 0.022
0 0.501 0.089 0.287 0.016
4 0.501 0.019 0.998 0.036
