2 0.835 0.972 0.252 0.056
0 0.212 0.955 0.343 0.022
1 0.884 0.929 0.120 0.072
0 0.081 0.805 0.081 0.018
2 0.835 0.823 0.252 0.153
0 0.220 0.759 0.359 0.022
0 0.081 0.671 0.081 0.017
0 0.342 0.619 0.602 0.045
2 0.835 0.627 0.252 0.153
0 0.181 0.561 0.281 0.019
0 0.081 0.474 0.081 0.018
0 0.296 0.423 0.515 0.046
2 0.834 0.431 0.254 0.153
0 0.283 0.367 0.485 0.022
0 0.081 0.278 0.081 0.018
0 0.297 0.227 0.513 0.046
2 0.835 0.235 0.252 0.153
0 0.213 0.169 0.348 0.019
0 0.501 0.089 0.172 0.016
0 0.500 0.067 0.533 0.021
1 0.933 0.077 0.052 0.032
1 0.070 0.077 0.041 0.023
4 0.501 0.018 0.998 0.035
