2 0.835 0.972 0.256 0.057
0 0.175 0.956 0.272 0.021
1 0.883 0.930 0.119 0.071
0 0.091 0.871 0.100 0.017
0 0.106 0.837 0.130 0.016
0 0.342 0.803 0.602 0.019
2 0.834 0.823 0.254 0.153
0 0.154 0.758 0.222 0.018
0 0.091 0.671 0.100 0.017
0 0.343 0.619 0.600 0.043
2 0.834 0.627 0.254 0.153
0 0.181 0.561 0.281 0.019
0 0.091 0.474 0.100 0.017
0 0.331 0.422 0.581 0.041
2 0.836 0.432 0.254 0.153
0 0.108 0.367 0.131 0.020
0 0.091 0.277 0.100 0.017
0 0.319 0.226 0.557 0.045
2 0.834 0.235 0.254 0.152
0 0.172 0.169 0.263 0.019
0 0.501 0.090 0.287 0.018
0 0.502 0.067 0.622 0.022
1 0.933 0.077 0.052 0.031
1 0.070 0.077 0.041 0.025
4 0.501 0.018 0.998 0.035
