1 0.931 0.077 0.052 0.031
1 0.796 0.076 0.044 0.027
0 0.280 0.077 0.210 0.026
1 0.069 0.076 0.048 0.021
0 0.250 0.153 0.115 0.016
0 0.750 0.153 0.126 0.016
0 0.500 0.234 0.081 0.048
1 0.069 0.336 0.060 0.036
5 0.569 0.339 0.788 0.038
0 0.325 0.333 0.295 0.023
2 0.069 0.420 0.060 0.036
5 0.569 0.424 0.787 0.038
0 0.281 0.420 0.207 0.029
1 0.069 0.504 0.060 0.036
5 0.569 0.512 0.787 0.031
0 0.232 0.504 0.109 0.016
0 0.501 0.602 0.899 0.044
0 0.501 0.662 0.631 0.021
7 0.408 0.742 0.706 0.033
0 0.469 0.744 0.583 0.030
3 0.500 0.836 0.922 0.071
0 0.502 0.942 0.709 0.045
4 0.500 0.018 0.999 0.035
