1 0.085 0.725 0.031 0.019
2 0.085 0.666 0.031 0.016
1 0.085 0.607 0.031 0.015
1 0.085 0.549 0.031 0.019
1 0.086 0.480 0.055 0.032
1 0.085 0.404 0.054 0.032
1 0.085 0.328 0.051 0.033
2 0.086 0.252 0.075 0.033
0 0.205 0.727 0.069 0.020
0 0.233 0.667 0.125 0.017
0 0.230 0.608 0.120 0.017
0 0.231 0.552 0.123 0.021
0 0.263 0.481 0.188 0.024
0 0.322 0.405 0.303 0.025
0 0.210 0.329 0.078 0.024
0 0.228 0.255 0.118 0.030
0 0.213 0.187 0.329 0.018
0 0.121 0.164 0.142 0.014
0 0.174 0.120 0.267 0.025
4 0.500 0.018 0.999 0.035
