1 0.942 0.579 0.031 0.019
1 0.942 0.476 0.032 0.019
1 0.942 0.374 0.031 0.018
1 0.942 0.271 0.031 0.020
1 0.069 0.272 0.060 0.036
2 0.081 0.373 0.085 0.034
2 0.066 0.476 0.047 0.028
2 0.082 0.578 0.084 0.035
1 0.069 0.681 0.058 0.035
0 0.266 0.986 0.182 0.022
0 0.244 0.949 0.137 0.025
0 0.266 0.896 0.182 0.022
0 0.321 0.860 0.291 0.026
0 0.266 0.807 0.182 0.022
0 0.394 0.773 0.435 0.033
0 0.338 0.684 0.324 0.033
0 0.336 0.582 0.314 0.032
0 0.420 0.480 0.486 0.033
0 0.363 0.377 0.370 0.032
0 0.251 0.272 0.144 0.026
2 0.083 0.170 0.058 0.055
0 0.390 0.175 0.431 0.031
1 0.932 0.077 0.050 0.030
0 0.280 0.077 0.210 0.026
1 0.796 0.077 0.044 0.026
1 0.069 0.076 0.048 0.021
4 0.500 0.018 0.999 0.035
