0 0.237 0.077 0.127 0.024
1 0.947 0.076 0.014 0.026
1 0.835 0.075 0.055 0.036
1 0.697 0.077 0.054 0.033
1 0.068 0.076 0.043 0.025
0 0.225 0.159 0.101 0.021
0 0.225 0.229 0.103 0.020
0 0.271 0.300 0.188 0.020
0 0.303 0.369 0.252 0.020
0 0.238 0.440 0.124 0.018
0 0.239 0.512 0.125 0.025
0 0.248 0.608 0.144 0.023
0 0.228 0.676 0.106 0.021
2 0.069 0.159 0.047 0.027
2 0.069 0.228 0.033 0.027
1 0.069 0.299 0.045 0.022
1 0.069 0.369 0.045 0.022
2 0.069 0.439 0.047 0.028
1 0.067 0.509 0.052 0.028
1 0.069 0.605 0.047 0.026
2 0.069 0.675 0.044 0.028
4 0.500 0.018 0.999 0.035
