2 0.059 0.901 0.062 0.037
1 0.060 0.736 0.049 0.030
1 0.059 0.666 0.050 0.030
1 0.066 0.589 0.064 0.036
1 0.059 0.500 0.050 0.025
1 0.059 0.430 0.050 0.030
1 0.058 0.360 0.053 0.028
2 0.060 0.264 0.047 0.033
0 0.290 0.902 0.284 0.020
0 0.112 0.831 0.144 0.020
0 0.217 0.739 0.142 0.023
0 0.313 0.668 0.331 0.025
0 0.236 0.599 0.176 0.023
0 0.192 0.503 0.089 0.024
0 0.295 0.430 0.296 0.020
0 0.248 0.360 0.199 0.021
0 0.206 0.265 0.117 0.018
0 0.188 0.130 0.284 0.030
1 0.780 0.065 0.059 0.023
4 0.500 0.018 0.999 0.035
