0 0.500 0.109 0.211 0.033
3 0.502 0.390 0.844 0.072
0 0.502 0.450 0.044 0.022
5 0.501 0.503 0.828 0.031
0 0.134 0.498 0.087 0.021
5 0.290 0.564 0.406 0.031
0 0.177 0.559 0.169 0.021
5 0.712 0.564 0.406 0.031
0 0.596 0.560 0.167 0.020
5 0.501 0.632 0.828 0.036
0 0.190 0.625 0.198 0.020
7 0.176 0.696 0.144 0.029
7 0.608 0.696 0.180 0.029
0 0.207 0.695 0.078 0.021
0 0.638 0.695 0.117 0.021
5 0.501 0.766 0.828 0.031
0 0.166 0.762 0.150 0.021
0 0.503 0.836 0.524 0.049
3 0.501 0.919 0.846 0.071
4 0.501 0.019 0.998 0.036
