2 0.772 0.172 0.139 0.085
2 0.500 0.171 0.141 0.085
2 0.228 0.172 0.141 0.085
2 0.746 0.901 0.471 0.198
2 0.256 0.901 0.471 0.198
3 0.894 0.751 0.135 0.042
0 0.292 0.751 0.505 0.026
0 0.377 0.649 0.339 0.021
0 0.383 0.622 0.344 0.021
0 0.298 0.584 0.179 0.019
2 0.120 0.597 0.098 0.059
0 0.473 0.510 0.527 0.020
0 0.465 0.483 0.509 0.020
0 0.293 0.445 0.169 0.018
2 0.121 0.457 0.099 0.059
0 0.205 0.353 0.325 0.022
0 0.773 0.240 0.174 0.017
0 0.502 0.242 0.102 0.021
0 0.230 0.240 0.098 0.017
0 0.326 0.077 0.296 0.024
1 0.942 0.077 0.050 0.030
1 0.069 0.076 0.049 0.022
4 0.500 0.018 0.999 0.035
