1 0.062 0.077 0.045 0.028
0 0.501 0.079 0.314 0.023
7 0.637 0.161 0.229 0.029
7 0.153 0.161 0.209 0.028
0 0.192 0.164 0.127 0.020
0 0.677 0.164 0.145 0.020
5 0.568 0.238 0.863 0.055
1 0.928 0.233 0.069 0.045
2 0.069 0.236 0.031 0.031
0 0.316 0.242 0.355 0.018
0 0.500 0.350 0.208 0.016
2 0.168 0.459 0.061 0.037
2 0.500 0.459 0.045 0.036
2 0.833 0.459 0.061 0.036
0 0.501 0.504 0.144 0.018
0 0.834 0.503 0.144 0.016
0 0.167 0.503 0.060 0.015
2 0.501 0.605 0.039 0.037
2 0.834 0.605 0.053 0.037
2 0.167 0.605 0.060 0.036
0 0.168 0.649 0.120 0.014
0 0.500 0.649 0.053 0.016
0 0.833 0.649 0.137 0.014
1 0.168 0.751 0.046 0.037
0 0.168 0.795 0.111 0.014
4 0.500 0.018 0.999 0.035
