0 0.392 0.200 0.429 0.047
2 0.389 0.100 0.217 0.128
0 0.208 0.264 0.363 0.023
1 0.722 0.263 0.060 0.037
1 0.070 0.339 0.042 0.028
2 0.070 0.411 0.035 0.029
2 0.070 0.481 0.044 0.028
1 0.069 0.550 0.041 0.029
1 0.069 0.645 0.042 0.028
1 0.069 0.716 0.045 0.027
1 0.069 0.788 0.054 0.028
1 0.070 0.881 0.053 0.028
2 0.069 0.977 0.058 0.018
0 0.350 0.977 0.350 0.017
0 0.276 0.884 0.203 0.021
0 0.299 0.788 0.245 0.021
0 0.258 0.718 0.167 0.021
0 0.273 0.648 0.197 0.021
0 0.318 0.553 0.283 0.022
0 0.284 0.482 0.216 0.022
0 0.311 0.412 0.270 0.022
0 0.325 0.342 0.297 0.022
4 0.500 0.018 0.999 0.035
