0 0.343 0.078 0.389 0.025
0 0.118 0.154 0.231 0.020
0 0.373 0.153 0.157 0.019
0 0.653 0.153 0.287 0.019
0 0.911 0.153 0.089 0.019
1 0.947 0.077 0.017 0.028
1 0.068 0.077 0.043 0.027
2 0.066 0.231 0.061 0.041
2 0.068 0.322 0.076 0.046
2 0.068 0.409 0.069 0.045
2 0.066 0.496 0.050 0.036
2 0.068 0.585 0.069 0.047
1 0.068 0.672 0.072 0.045
1 0.068 0.760 0.069 0.041
1 0.068 0.847 0.076 0.045
2 0.068 0.935 0.076 0.045
0 0.259 0.938 0.215 0.021
0 0.243 0.851 0.181 0.022
0 0.227 0.761 0.150 0.019
0 0.231 0.675 0.157 0.023
0 0.220 0.587 0.137 0.023
0 0.226 0.498 0.148 0.019
0 0.214 0.412 0.128 0.023
0 0.281 0.324 0.257 0.023
0 0.247 0.235 0.191 0.019
4 0.501 0.019 0.998 0.036
