2 0.095 0.079 0.080 0.047
0 0.238 0.138 0.398 0.026
0 0.150 0.173 0.222 0.020
0 0.322 0.255 0.296 0.023
0 0.366 0.325 0.383 0.023
0 0.370 0.395 0.389 0.023
0 0.331 0.465 0.311 0.022
0 0.150 0.547 0.219 0.018
0 0.398 0.619 0.444 0.021
0 0.291 0.688 0.230 0.019
0 0.299 0.759 0.246 0.022
0 0.153 0.843 0.224 0.022
0 0.277 0.913 0.198 0.022
0 0.274 0.983 0.196 0.022
1 0.070 0.980 0.048 0.028
1 0.070 0.911 0.052 0.031
1 0.070 0.757 0.044 0.031
2 0.070 0.687 0.052 0.031
2 0.071 0.617 0.050 0.028
1 0.070 0.463 0.044 0.022
1 0.070 0.393 0.048 0.028
1 0.071 0.322 0.046 0.022
1 0.069 0.253 0.050 0.026
4 0.501 0.019 0.998 0.036
