1 0.314 0.077 0.054 0.031
1 0.951 0.076 0.017 0.030
1 0.106 0.077 0.056 0.029
1 0.526 0.076 0.052 0.028
1 0.743 0.077 0.048 0.029
0 0.178 0.210 0.156 0.029
7 0.495 0.292 0.791 0.031
0 0.195 0.293 0.191 0.021
7 0.495 0.381 0.791 0.031
0 0.171 0.381 0.143 0.020
7 0.495 0.472 0.791 0.031
0 0.270 0.472 0.341 0.030
7 0.495 0.561 0.791 0.031
0 0.270 0.561 0.341 0.030
7 0.495 0.650 0.791 0.031
0 0.196 0.649 0.193 0.021
7 0.495 0.739 0.791 0.031
0 0.203 0.739 0.206 0.021
7 0.495 0.829 0.791 0.031
0 0.249 0.831 0.298 0.028
0 0.842 0.965 0.220 0.017
0 0.163 0.965 0.219 0.016
0 0.502 0.965 0.137 0.016
4 0.501 0.019 0.998 0.036
