1 0.825 0.077 0.045 0.027
0 0.349 0.080 0.300 0.030
1 0.069 0.077 0.048 0.020
1 0.942 0.077 0.047 0.019
3 0.830 0.176 0.244 0.043
1 0.091 0.176 0.085 0.035
0 0.418 0.178 0.427 0.038
1 0.138 0.290 0.057 0.038
0 0.483 0.293 0.569 0.029
0 0.486 0.402 0.728 0.069
0 0.478 0.486 0.715 0.045
7 0.613 0.567 0.177 0.029
7 0.223 0.568 0.169 0.027
0 0.254 0.568 0.106 0.017
0 0.644 0.569 0.111 0.021
7 0.599 0.626 0.146 0.029
7 0.209 0.626 0.142 0.028
0 0.240 0.627 0.076 0.014
0 0.630 0.629 0.081 0.019
7 0.596 0.684 0.143 0.028
7 0.203 0.685 0.129 0.027
0 0.234 0.685 0.067 0.017
0 0.627 0.687 0.076 0.020
0 0.683 0.755 0.129 0.016
0 0.855 0.755 0.044 0.016
4 0.500 0.018 0.999 0.035
