0 0.179 0.246 0.269 0.021
3 0.806 0.288 0.194 0.072
1 0.939 0.076 0.069 0.040
1 0.124 0.151 0.165 0.099
1 0.571 0.244 0.039 0.023
5 0.268 0.244 0.486 0.069
1 0.075 0.340 0.047 0.018
0 0.178 0.341 0.117 0.021
0 0.182 0.406 0.125 0.022
0 0.197 0.474 0.158 0.026
0 0.347 0.531 0.211 0.025
0 0.163 0.594 0.087 0.027
0 0.241 0.656 0.251 0.024
0 0.260 0.723 0.287 0.027
2 0.074 0.720 0.040 0.025
1 0.074 0.656 0.046 0.027
1 0.074 0.591 0.043 0.026
1 0.074 0.470 0.040 0.025
1 0.074 0.404 0.037 0.023
4 0.500 0.018 0.999 0.035
