1 0.941 0.958 0.063 0.040
0 0.875 0.377 0.175 0.011
2 0.875 0.327 0.049 0.028
1 0.824 0.077 0.043 0.026
1 0.941 0.076 0.060 0.038
1 0.146 0.124 0.197 0.118
0 0.470 0.113 0.354 0.033
0 0.453 0.144 0.325 0.020
0 0.111 0.260 0.142 0.017
0 0.186 0.311 0.115 0.021
0 0.114 0.380 0.153 0.017
0 0.322 0.432 0.394 0.026
0 0.176 0.501 0.095 0.021
0 0.261 0.573 0.266 0.025
0 0.241 0.644 0.227 0.026
0 0.340 0.712 0.422 0.020
0 0.269 0.782 0.280 0.021
0 0.242 0.904 0.230 0.025
0 0.205 0.975 0.156 0.025
1 0.062 0.973 0.047 0.028
1 0.062 0.902 0.040 0.028
0 0.072 0.851 0.069 0.016
1 0.061 0.782 0.046 0.028
2 0.062 0.712 0.047 0.028
1 0.062 0.642 0.076 0.028
1 0.061 0.572 0.054 0.028
1 0.062 0.501 0.047 0.028
1 0.062 0.431 0.032 0.028
1 0.062 0.311 0.046 0.028
4 0.500 0.018 0.999 0.035
