0 0.287 0.077 0.160 0.023
1 0.068 0.076 0.043 0.025
2 0.166 0.076 0.061 0.034
0 0.187 0.156 0.300 0.022
0 0.140 0.238 0.200 0.017
0 0.247 0.308 0.140 0.017
0 0.232 0.379 0.113 0.017
0 0.258 0.448 0.164 0.018
0 0.148 0.532 0.218 0.018
0 0.272 0.603 0.196 0.018
0 0.254 0.674 0.156 0.022
0 0.219 0.743 0.084 0.017
0 0.224 0.813 0.097 0.017
0 0.115 0.897 0.153 0.017
0 0.315 0.969 0.279 0.021
1 0.069 0.966 0.052 0.031
1 0.070 0.812 0.049 0.028
1 0.069 0.742 0.046 0.028
1 0.069 0.672 0.047 0.032
1 0.069 0.602 0.052 0.031
1 0.069 0.448 0.055 0.030
1 0.069 0.378 0.046 0.031
1 0.069 0.308 0.060 0.037
4 0.500 0.018 0.999 0.035
