1 0.113 0.111 0.149 0.089
0 0.164 0.198 0.229 0.024
0 0.263 0.233 0.430 0.026
0 0.235 0.319 0.117 0.025
0 0.233 0.387 0.113 0.020
0 0.219 0.460 0.089 0.025
0 0.229 0.528 0.108 0.020
0 0.271 0.623 0.189 0.020
0 0.296 0.695 0.238 0.024
0 0.253 0.764 0.152 0.019
0 0.261 0.859 0.172 0.020
0 0.263 0.928 0.173 0.021
0 0.293 0.994 0.232 0.012
2 0.069 0.994 0.039 0.014
2 0.070 0.929 0.042 0.022
2 0.069 0.859 0.027 0.021
2 0.068 0.762 0.042 0.025
2 0.069 0.692 0.046 0.025
1 0.069 0.623 0.035 0.022
2 0.068 0.527 0.036 0.031
1 0.069 0.456 0.037 0.018
1 0.069 0.386 0.031 0.023
2 0.069 0.316 0.036 0.021
4 0.500 0.018 0.999 0.035
