0 0.182 0.165 0.227 0.023
2 0.101 0.976 0.122 0.048
2 0.100 0.805 0.122 0.074
2 0.100 0.666 0.123 0.074
2 0.100 0.548 0.123 0.074
2 0.100 0.409 0.123 0.074
0 0.569 0.974 0.657 0.032
0 0.587 0.882 0.695 0.044
0 0.563 0.813 0.647 0.075
0 0.583 0.697 0.691 0.040
0 0.517 0.652 0.551 0.032
0 0.562 0.568 0.648 0.019
0 0.475 0.534 0.473 0.032
0 0.589 0.441 0.702 0.044
0 0.425 0.394 0.371 0.032
0 0.151 0.312 0.224 0.023
0 0.180 0.246 0.306 0.027
1 0.920 0.164 0.085 0.051
5 0.458 0.165 0.815 0.053
0 0.266 0.080 0.170 0.030
1 0.067 0.076 0.045 0.020
4 0.500 0.018 0.999 0.035
