1 0.933 0.075 0.060 0.033
1 0.071 0.247 0.061 0.032
2 0.071 0.318 0.036 0.037
1 0.071 0.388 0.051 0.036
1 0.072 0.456 0.051 0.034
1 0.069 0.528 0.056 0.030
1 0.073 0.598 0.053 0.031
2 0.071 0.668 0.056 0.033
1 0.072 0.738 0.052 0.036
2 0.072 0.809 0.056 0.034
1 0.071 0.897 0.054 0.031
2 0.069 0.967 0.063 0.038
0 0.211 0.970 0.121 0.021
0 0.202 0.897 0.106 0.018
0 0.281 0.811 0.263 0.022
0 0.238 0.741 0.176 0.021
0 0.249 0.669 0.197 0.018
0 0.209 0.601 0.119 0.021
0 0.264 0.530 0.231 0.022
0 0.254 0.458 0.206 0.017
0 0.259 0.390 0.216 0.022
0 0.232 0.320 0.163 0.021
0 0.196 0.248 0.091 0.016
1 0.764 0.159 0.028 0.009
0 0.228 0.175 0.379 0.022
0 0.114 0.145 0.151 0.018
0 0.241 0.079 0.242 0.033
2 0.073 0.078 0.069 0.041
4 0.500 0.018 0.999 0.035
