0 0.318 0.960 0.161 0.021
0 0.360 0.919 0.242 0.027
2 0.118 0.935 0.162 0.096
0 0.309 0.834 0.138 0.020
0 0.358 0.789 0.236 0.025
2 0.118 0.809 0.160 0.096
0 0.319 0.708 0.159 0.021
0 0.323 0.664 0.169 0.023
2 0.118 0.683 0.162 0.097
0 0.318 0.582 0.160 0.021
0 0.347 0.537 0.214 0.025
0 0.318 0.457 0.160 0.021
0 0.389 0.416 0.299 0.030
2 0.118 0.432 0.162 0.097
0 0.309 0.330 0.138 0.021
0 0.304 0.286 0.129 0.024
2 0.118 0.306 0.161 0.097
0 0.309 0.205 0.138 0.021
0 0.345 0.160 0.213 0.025
2 0.118 0.180 0.162 0.098
0 0.261 0.080 0.165 0.029
1 0.071 0.077 0.031 0.031
4 0.500 0.018 0.999 0.035
