1 0.075 0.154 0.052 0.032
1 0.074 0.229 0.069 0.032
2 0.170 0.304 0.043 0.025
2 0.171 0.379 0.044 0.026
1 0.074 0.454 0.062 0.037
1 0.074 0.528 0.059 0.031
1 0.074 0.603 0.058 0.032
2 0.074 0.678 0.049 0.042
1 0.074 0.752 0.048 0.033
1 0.075 0.827 0.055 0.032
1 0.074 0.902 0.056 0.032
2 0.074 0.977 0.044 0.026
0 0.252 0.977 0.210 0.023
0 0.223 0.906 0.152 0.030
0 0.200 0.828 0.103 0.022
0 0.202 0.753 0.106 0.021
0 0.230 0.696 0.167 0.018
0 0.313 0.668 0.330 0.030
0 0.232 0.603 0.167 0.022
0 0.206 0.529 0.115 0.022
0 0.275 0.457 0.254 0.030
0 0.350 0.379 0.210 0.022
0 0.356 0.304 0.222 0.023
0 0.217 0.229 0.138 0.022
0 0.203 0.158 0.110 0.028
2 0.157 0.076 0.045 0.034
1 0.067 0.076 0.042 0.025
4 0.500 0.018 0.999 0.035
