0 0.625 0.982 0.105 0.021
0 0.126 0.980 0.100 0.016
1 0.625 0.947 0.061 0.035
1 0.127 0.950 0.050 0.031
0 0.208 0.890 0.375 0.022
0 0.376 0.980 0.069 0.016
0 0.876 0.980 0.053 0.018
1 0.376 0.947 0.059 0.025
2 0.875 0.944 0.051 0.030
0 0.911 0.889 0.135 0.019
0 0.500 0.811 0.792 0.070
1 0.636 0.586 0.098 0.060
1 0.500 0.586 0.099 0.060
1 0.365 0.586 0.098 0.060
0 0.500 0.516 0.873 0.045
0 0.501 0.453 0.596 0.022
2 0.500 0.312 0.430 0.165
0 0.166 0.077 0.256 0.025
1 0.947 0.076 0.014 0.026
1 0.845 0.076 0.076 0.033
4 0.500 0.018 0.999 0.035
