2 0.317 0.139 0.174 0.104
0 0.244 0.284 0.133 0.018
0 0.237 0.341 0.119 0.019
0 0.231 0.399 0.109 0.020
0 0.252 0.455 0.148 0.018
0 0.233 0.512 0.115 0.018
0 0.227 0.569 0.102 0.018
0 0.279 0.625 0.206 0.019
0 0.214 0.682 0.072 0.018
1 0.113 0.289 0.063 0.038
2 0.114 0.349 0.065 0.030
2 0.114 0.402 0.065 0.035
1 0.117 0.460 0.056 0.037
2 0.115 0.515 0.059 0.031
1 0.114 0.572 0.061 0.039
2 0.113 0.629 0.063 0.031
1 0.114 0.687 0.054 0.038
1 0.078 0.955 0.063 0.037
0 0.253 0.955 0.180 0.021
4 0.501 0.019 0.998 0.036
