0 0.099 0.091 0.157 0.017
0 0.165 0.149 0.103 0.023
0 0.201 0.215 0.169 0.023
0 0.158 0.282 0.089 0.022
0 0.205 0.348 0.176 0.023
0 0.103 0.406 0.166 0.017
0 0.159 0.465 0.085 0.027
0 0.194 0.529 0.157 0.023
0 0.181 0.596 0.133 0.022
0 0.075 0.653 0.114 0.017
0 0.213 0.710 0.198 0.018
0 0.194 0.779 0.164 0.021
0 0.159 0.844 0.093 0.018
1 0.064 0.843 0.054 0.032
1 0.064 0.776 0.050 0.032
2 0.064 0.709 0.056 0.035
2 0.064 0.596 0.062 0.020
2 0.064 0.529 0.062 0.030
2 0.064 0.462 0.059 0.032
1 0.064 0.348 0.037 0.036
2 0.064 0.281 0.059 0.033
2 0.064 0.215 0.059 0.031
2 0.064 0.148 0.062 0.037
4 0.500 0.018 0.999 0.035
