2 0.098 0.125 0.112 0.069
1 0.068 0.281 0.051 0.027
1 0.069 0.351 0.051 0.028
1 0.068 0.422 0.054 0.028
1 0.069 0.492 0.044 0.032
1 0.069 0.562 0.051 0.031
1 0.069 0.632 0.037 0.022
1 0.069 0.786 0.060 0.025
1 0.069 0.856 0.060 0.025
1 0.065 0.926 0.055 0.028
2 0.064 0.991 0.054 0.017
0 0.336 0.994 0.325 0.012
0 0.331 0.929 0.310 0.022
0 0.318 0.858 0.284 0.023
0 0.312 0.788 0.269 0.022
0 0.080 0.716 0.082 0.018
0 0.282 0.632 0.217 0.018
0 0.225 0.564 0.101 0.022
0 0.219 0.492 0.084 0.017
0 0.220 0.424 0.089 0.022
0 0.226 0.352 0.099 0.018
0 0.212 0.282 0.073 0.017
0 0.196 0.199 0.313 0.023
4 0.500 0.018 0.999 0.035
