0 0.214 0.160 0.351 0.031
0 0.236 0.237 0.119 0.021
0 0.246 0.305 0.139 0.018
0 0.274 0.377 0.197 0.022
0 0.231 0.446 0.107 0.018
0 0.237 0.518 0.123 0.021
0 0.298 0.588 0.245 0.022
0 0.324 0.656 0.295 0.018
0 0.323 0.728 0.292 0.022
0 0.267 0.797 0.181 0.017
2 0.078 0.796 0.075 0.045
2 0.082 0.726 0.062 0.037
2 0.079 0.656 0.076 0.046
1 0.080 0.585 0.069 0.037
1 0.079 0.515 0.067 0.041
1 0.078 0.445 0.060 0.037
1 0.075 0.375 0.068 0.041
1 0.079 0.305 0.067 0.037
1 0.078 0.234 0.067 0.036
4 0.500 0.018 0.999 0.035
