0 0.500 0.808 0.452 0.028
1 0.612 0.077 0.069 0.037
1 0.727 0.077 0.061 0.040
1 0.845 0.077 0.065 0.040
1 0.785 0.419 0.022 0.008
1 0.784 0.490 0.024 0.008
1 0.784 0.562 0.024 0.008
1 0.784 0.634 0.028 0.009
0 0.544 0.634 0.156 0.020
0 0.548 0.565 0.163 0.023
0 0.584 0.491 0.239 0.019
0 0.510 0.419 0.087 0.019
3 0.501 0.704 0.698 0.070
0 0.223 0.634 0.091 0.018
0 0.231 0.565 0.107 0.021
0 0.228 0.490 0.104 0.019
0 0.233 0.419 0.115 0.019
0 0.318 0.339 0.280 0.028
2 0.782 0.338 0.072 0.039
4 0.501 0.019 0.998 0.036
