2 0.162 0.248 0.076 0.046
0 0.399 0.252 0.361 0.029
2 0.138 0.315 0.094 0.050
7 0.396 0.315 0.389 0.027
0 0.428 0.318 0.326 0.022
0 0.283 0.368 0.385 0.019
0 0.541 0.407 0.037 0.025
0 0.131 0.406 0.041 0.019
1 0.443 0.406 0.026 0.009
1 0.854 0.405 0.026 0.008
0 0.287 0.445 0.400 0.027
0 0.175 0.486 0.128 0.022
1 0.854 0.483 0.026 0.008
0 0.144 0.522 0.107 0.018
0 0.152 0.561 0.078 0.018
1 0.854 0.561 0.026 0.009
7 0.196 0.609 0.181 0.028
0 0.228 0.612 0.119 0.020
0 0.424 0.656 0.670 0.022
5 0.296 0.714 0.396 0.035
0 0.144 0.708 0.093 0.021
0 0.542 0.708 0.039 0.019
1 0.854 0.708 0.026 0.009
0 0.394 0.797 0.098 0.018
0 0.737 0.797 0.115 0.018
4 0.501 0.019 0.998 0.036
