0 0.098 0.964 0.114 0.017
0 0.105 0.934 0.131 0.020
0 0.356 0.855 0.630 0.018
0 0.083 0.826 0.083 0.019
7 0.922 0.732 0.047 0.028
0 0.244 0.750 0.407 0.021
0 0.245 0.720 0.406 0.024
0 0.282 0.642 0.484 0.021
0 0.197 0.613 0.310 0.023
7 0.923 0.516 0.047 0.028
0 0.332 0.534 0.584 0.021
0 0.172 0.502 0.263 0.020
7 0.923 0.408 0.047 0.028
0 0.242 0.424 0.406 0.018
0 0.156 0.397 0.228 0.024
0 0.293 0.318 0.502 0.021
0 0.143 0.289 0.205 0.023
0 0.273 0.211 0.463 0.021
0 0.214 0.181 0.349 0.024
0 0.219 0.080 0.356 0.030
4 0.500 0.018 0.999 0.035
