1 0.067 0.076 0.044 0.025
2 0.175 0.077 0.075 0.040
1 0.838 0.073 0.079 0.047
1 0.941 0.077 0.069 0.041
0 0.326 0.077 0.200 0.025
0 0.186 0.156 0.304 0.025
0 0.139 0.238 0.202 0.020
0 0.247 0.309 0.142 0.017
0 0.232 0.378 0.115 0.018
0 0.258 0.448 0.165 0.019
0 0.148 0.532 0.217 0.018
0 0.273 0.602 0.196 0.018
0 0.255 0.674 0.157 0.023
0 0.219 0.743 0.086 0.018
0 0.223 0.813 0.098 0.019
0 0.132 0.896 0.188 0.018
0 0.273 0.967 0.196 0.018
1 0.069 0.966 0.052 0.030
1 0.070 0.812 0.050 0.028
1 0.069 0.742 0.047 0.028
1 0.069 0.672 0.047 0.032
1 0.069 0.602 0.052 0.032
1 0.069 0.448 0.055 0.030
1 0.069 0.377 0.046 0.031
1 0.069 0.307 0.061 0.037
4 0.500 0.018 0.999 0.035
