0 0.730 0.072 0.504 0.031
0 0.345 0.144 0.189 0.023
0 0.356 0.214 0.211 0.024
0 0.382 0.283 0.263 0.020
0 0.355 0.355 0.206 0.023
0 0.107 0.957 0.068 0.016
0 0.107 0.830 0.086 0.016
0 0.106 0.704 0.106 0.020
0 0.107 0.575 0.064 0.014
0 0.107 0.449 0.110 0.016
0 0.106 0.321 0.079 0.016
0 0.106 0.196 0.066 0.019
1 0.013 0.071 0.025 0.026
1 0.106 0.159 0.079 0.045
1 0.106 0.285 0.080 0.049
1 0.106 0.412 0.060 0.048
1 0.106 0.540 0.058 0.049
1 0.106 0.667 0.064 0.049
1 0.107 0.794 0.075 0.048
1 0.106 0.922 0.081 0.017
4 0.500 0.018 0.999 0.035
