1 0.844 0.077 0.056 0.036
1 0.946 0.076 0.013 0.026
0 0.467 0.079 0.581 0.031
1 0.069 0.077 0.042 0.025
0 0.266 0.207 0.283 0.029
7 0.236 0.270 0.219 0.031
0 0.294 0.273 0.104 0.026
7 0.247 0.340 0.240 0.032
0 0.304 0.343 0.125 0.027
7 0.263 0.410 0.272 0.030
0 0.321 0.410 0.156 0.022
7 0.275 0.480 0.296 0.030
0 0.331 0.481 0.183 0.023
7 0.275 0.550 0.295 0.030
0 0.332 0.551 0.181 0.021
7 0.242 0.622 0.231 0.031
0 0.300 0.624 0.116 0.026
7 0.253 0.691 0.252 0.032
0 0.309 0.694 0.140 0.026
7 0.253 0.762 0.252 0.032
0 0.310 0.764 0.137 0.026
7 0.225 0.831 0.197 0.030
0 0.282 0.834 0.083 0.016
0 0.093 0.927 0.134 0.021
0 0.156 0.976 0.268 0.020
4 0.500 0.018 0.999 0.035
