1 0.947 0.077 0.012 0.025
1 0.069 0.077 0.041 0.025
0 0.734 0.372 0.103 0.016
0 0.500 0.372 0.103 0.017
0 0.269 0.372 0.142 0.017
0 0.735 0.516 0.131 0.016
0 0.500 0.518 0.158 0.021
0 0.269 0.518 0.113 0.021
0 0.733 0.674 0.137 0.042
0 0.501 0.660 0.079 0.017
0 0.267 0.662 0.160 0.021
0 0.500 0.828 0.232 0.017
0 0.268 0.830 0.171 0.020
2 0.500 0.767 0.108 0.065
2 0.268 0.767 0.100 0.066
1 0.733 0.599 0.089 0.070
2 0.501 0.597 0.109 0.061
2 0.269 0.599 0.114 0.063
2 0.267 0.455 0.118 0.070
2 0.500 0.455 0.116 0.070
2 0.734 0.455 0.118 0.071
2 0.734 0.311 0.118 0.070
1 0.500 0.311 0.118 0.071
1 0.268 0.311 0.117 0.070
0 0.275 0.219 0.200 0.024
4 0.500 0.018 0.999 0.035
