1 0.928 0.508 0.050 0.027
0 0.210 0.905 0.340 0.022
0 0.649 0.905 0.228 0.023
0 0.669 0.452 0.267 0.045
0 0.212 0.454 0.344 0.023
1 0.433 0.508 0.051 0.027
2 0.747 0.720 0.474 0.293
2 0.255 0.720 0.474 0.293
0 0.584 0.533 0.096 0.014
0 0.926 0.537 0.049 0.014
0 0.628 0.503 0.181 0.015
0 0.090 0.533 0.095 0.014
0 0.433 0.537 0.065 0.014
0 0.133 0.504 0.182 0.015
2 0.748 0.269 0.475 0.293
2 0.253 0.270 0.476 0.293
0 0.292 0.080 0.231 0.029
1 0.941 0.077 0.035 0.021
1 0.069 0.077 0.043 0.023
4 0.500 0.018 0.999 0.035
