0 0.262 0.080 0.225 0.030
1 0.947 0.077 0.012 0.025
0 0.063 0.153 0.124 0.017
0 0.305 0.153 0.183 0.016
0 0.588 0.153 0.182 0.016
0 0.868 0.154 0.130 0.016
0 0.281 0.275 0.311 0.023
7 0.219 0.339 0.184 0.030
0 0.277 0.340 0.069 0.021
7 0.239 0.410 0.224 0.030
0 0.296 0.411 0.109 0.021
7 0.224 0.480 0.194 0.031
0 0.281 0.481 0.081 0.021
7 0.223 0.550 0.193 0.030
0 0.281 0.551 0.078 0.021
7 0.238 0.620 0.223 0.030
0 0.296 0.621 0.107 0.021
7 0.230 0.691 0.206 0.030
0 0.286 0.691 0.094 0.020
7 0.223 0.761 0.192 0.030
0 0.281 0.761 0.076 0.021
4 0.500 0.018 0.999 0.035
