0 0.091 0.156 0.085 0.021
7 0.494 0.216 0.835 0.028
0 0.163 0.216 0.174 0.019
7 0.494 0.278 0.835 0.029
0 0.157 0.280 0.163 0.023
7 0.494 0.339 0.835 0.028
0 0.133 0.343 0.115 0.021
7 0.494 0.401 0.835 0.027
0 0.136 0.402 0.120 0.019
7 0.494 0.463 0.833 0.028
0 0.154 0.466 0.152 0.022
7 0.493 0.525 0.837 0.028
0 0.222 0.527 0.296 0.023
7 0.494 0.586 0.835 0.029
0 0.232 0.589 0.313 0.025
7 0.494 0.649 0.835 0.029
0 0.287 0.651 0.422 0.025
7 0.494 0.711 0.835 0.029
0 0.141 0.713 0.130 0.025
7 0.494 0.771 0.835 0.029
0 0.152 0.773 0.152 0.019
7 0.494 0.834 0.835 0.028
0 0.193 0.834 0.233 0.019
7 0.494 0.896 0.835 0.028
0 0.196 0.897 0.241 0.022
4 0.501 0.019 0.998 0.036
