0 0.340 0.100 0.315 0.027
0 0.097 0.899 0.114 0.019
0 0.137 0.848 0.193 0.047
1 0.453 0.835 0.050 0.024
2 0.260 0.684 0.440 0.248
0 0.578 0.898 0.114 0.019
0 0.667 0.848 0.292 0.047
1 0.932 0.835 0.050 0.025
2 0.740 0.684 0.440 0.248
0 0.578 0.502 0.114 0.018
0 0.615 0.452 0.190 0.047
1 0.933 0.439 0.049 0.024
2 0.741 0.287 0.440 0.248
0 0.099 0.502 0.114 0.019
0 0.148 0.452 0.215 0.047
1 0.453 0.438 0.050 0.025
2 0.262 0.287 0.440 0.248
1 0.117 0.097 0.043 0.024
5 0.501 0.098 0.921 0.066
4 0.501 0.014 0.999 0.026
1 0.101 0.962 0.046 0.023
1 0.299 0.961 0.043 0.024
1 0.501 0.961 0.050 0.025
1 0.698 0.962 0.049 0.028
1 0.901 0.962 0.050 0.028
