0 0.221 0.080 0.167 0.031
0 0.192 0.156 0.096 0.019
0 0.322 0.177 0.357 0.013
0 0.190 0.220 0.090 0.016
0 0.263 0.243 0.240 0.013
0 0.226 0.286 0.167 0.016
0 0.281 0.309 0.276 0.016
0 0.205 0.353 0.124 0.019
0 0.300 0.375 0.314 0.016
0 0.353 0.419 0.411 0.019
0 0.331 0.441 0.362 0.016
0 0.232 0.484 0.175 0.019
0 0.293 0.506 0.297 0.016
0 0.235 0.550 0.183 0.019
0 0.347 0.572 0.408 0.016
0 0.260 0.616 0.235 0.018
0 0.395 0.637 0.504 0.016
0 0.108 0.715 0.136 0.022
0 0.122 0.779 0.160 0.018
0 0.204 0.844 0.331 0.018
0 0.158 0.912 0.233 0.022
1 0.072 0.623 0.053 0.025
2 0.072 0.558 0.061 0.026
1 0.072 0.493 0.067 0.035
1 0.075 0.427 0.058 0.023
1 0.072 0.361 0.058 0.029
2 0.072 0.296 0.058 0.021
2 0.072 0.230 0.058 0.018
2 0.073 0.164 0.057 0.034
1 0.080 0.078 0.082 0.044
4 0.501 0.017 0.999 0.033
