0 0.227 0.745 0.338 0.030
0 0.707 0.741 0.336 0.025
0 0.722 0.445 0.367 0.064
0 0.244 0.445 0.371 0.062
0 0.310 0.151 0.174 0.021
0 0.101 0.979 0.087 0.015
0 0.301 0.980 0.136 0.014
0 0.499 0.979 0.104 0.015
0 0.699 0.979 0.054 0.015
0 0.899 0.979 0.062 0.013
1 0.898 0.950 0.054 0.030
1 0.700 0.950 0.050 0.030
1 0.500 0.950 0.050 0.029
1 0.301 0.950 0.051 0.026
1 0.101 0.951 0.050 0.028
2 0.741 0.858 0.443 0.130
2 0.263 0.858 0.442 0.130
2 0.740 0.613 0.442 0.196
2 0.260 0.613 0.442 0.195
2 0.740 0.295 0.442 0.195
2 0.259 0.295 0.443 0.195
0 0.099 0.075 0.119 0.033
0 0.097 0.152 0.129 0.020
4 0.501 0.017 0.999 0.033
