0 0.597 0.962 0.514 0.055
1 0.113 0.956 0.054 0.028
2 0.178 0.958 0.276 0.084
0 0.838 0.855 0.197 0.020
3 0.449 0.846 0.217 0.045
0 0.810 0.734 0.256 0.015
1 0.463 0.734 0.242 0.022
0 0.533 0.698 0.383 0.022
1 0.113 0.711 0.054 0.027
2 0.179 0.774 0.278 0.209
0 0.845 0.609 0.182 0.020
3 0.449 0.600 0.217 0.045
0 0.842 0.523 0.188 0.015
1 0.463 0.522 0.240 0.022
0 0.590 0.470 0.496 0.056
1 0.113 0.464 0.056 0.029
2 0.179 0.528 0.278 0.209
0 0.843 0.363 0.186 0.021
3 0.449 0.354 0.217 0.045
0 0.833 0.277 0.210 0.014
1 0.463 0.276 0.242 0.023
0 0.591 0.224 0.501 0.056
1 0.113 0.218 0.054 0.027
2 0.179 0.282 0.278 0.210
0 0.292 0.137 0.508 0.036
1 0.942 0.071 0.056 0.027
1 0.062 0.071 0.053 0.025
4 0.501 0.017 0.999 0.033
