0 0.312 0.077 0.308 0.019
1 0.099 0.077 0.039 0.022
0 0.162 0.259 0.260 0.033
0 0.501 0.259 0.122 0.013
0 0.839 0.259 0.217 0.032
0 0.162 0.433 0.143 0.013
0 0.501 0.435 0.174 0.035
0 0.839 0.435 0.206 0.016
0 0.838 0.609 0.190 0.035
0 0.501 0.607 0.207 0.013
0 0.163 0.609 0.254 0.016
0 0.162 0.782 0.113 0.013
0 0.501 0.783 0.151 0.016
0 0.839 0.784 0.208 0.016
1 0.101 0.962 0.054 0.028
1 0.301 0.964 0.060 0.026
1 0.501 0.963 0.054 0.031
1 0.712 0.957 0.074 0.038
1 0.901 0.962 0.046 0.028
2 0.163 0.193 0.119 0.066
2 0.501 0.192 0.118 0.055
2 0.837 0.192 0.118 0.066
2 0.836 0.366 0.067 0.066
2 0.501 0.366 0.118 0.045
2 0.162 0.366 0.115 0.066
2 0.161 0.540 0.117 0.062
2 0.501 0.540 0.118 0.063
2 0.838 0.540 0.118 0.052
2 0.838 0.714 0.087 0.066
2 0.501 0.714 0.078 0.066
2 0.162 0.714 0.085 0.066
2 0.162 0.889 0.118 0.066
2 0.501 0.888 0.093 0.066
2 0.838 0.887 0.118 0.058
5 0.500 0.077 0.922 0.066
4 0.501 0.014 0.999 0.026
