0 0.288 0.075 0.224 0.024
0 0.320 0.157 0.340 0.024
0 0.397 0.184 0.493 0.020
0 0.308 0.271 0.319 0.024
0 0.369 0.299 0.440 0.020
0 0.345 0.386 0.393 0.024
0 0.508 0.413 0.719 0.020
0 0.321 0.499 0.347 0.020
0 0.522 0.528 0.746 0.020
0 0.283 0.614 0.269 0.020
0 0.384 0.643 0.474 0.020
0 0.347 0.731 0.393 0.024
0 0.424 0.758 0.551 0.019
0 0.233 0.843 0.169 0.019
0 0.362 0.873 0.431 0.020
0 0.228 0.961 0.160 0.024
0 0.372 0.987 0.446 0.019
2 0.074 0.971 0.099 0.055
1 0.074 0.855 0.099 0.055
2 0.074 0.741 0.099 0.055
2 0.074 0.626 0.099 0.055
2 0.074 0.511 0.099 0.055
2 0.076 0.396 0.099 0.055
2 0.074 0.282 0.099 0.055
2 0.074 0.167 0.099 0.055
1 0.070 0.072 0.040 0.023
1 0.942 0.072 0.044 0.025
4 0.501 0.017 0.999 0.033
