0 0.276 0.977 0.161 0.020
0 0.392 0.938 0.394 0.019
0 0.403 0.798 0.412 0.023
0 0.278 0.835 0.161 0.020
0 0.276 0.693 0.163 0.020
0 0.269 0.655 0.143 0.023
0 0.276 0.551 0.161 0.020
0 0.402 0.513 0.412 0.023
0 0.276 0.409 0.161 0.020
0 0.397 0.370 0.404 0.019
0 0.277 0.267 0.163 0.020
0 0.315 0.227 0.236 0.019
0 0.346 0.073 0.339 0.027
2 0.099 0.960 0.136 0.077
2 0.098 0.818 0.138 0.077
2 0.098 0.676 0.138 0.077
2 0.099 0.533 0.136 0.077
2 0.099 0.391 0.133 0.077
2 0.099 0.250 0.136 0.077
3 0.801 0.960 0.322 0.062
3 0.801 0.818 0.322 0.061
3 0.801 0.676 0.322 0.061
3 0.801 0.533 0.322 0.062
3 0.801 0.391 0.322 0.061
3 0.801 0.249 0.322 0.062
0 0.193 0.152 0.294 0.030
1 0.942 0.072 0.040 0.026
1 0.070 0.071 0.040 0.018
4 0.501 0.017 0.999 0.033
