2 0.273 0.071 0.196 0.053
0 0.222 0.155 0.090 0.021
0 0.284 0.222 0.215 0.020
0 0.271 0.287 0.189 0.022
0 0.291 0.353 0.229 0.020
0 0.297 0.416 0.236 0.017
0 0.335 0.482 0.317 0.016
0 0.256 0.547 0.160 0.017
0 0.497 0.736 0.228 0.017
0 0.435 0.807 0.286 0.021
0 0.433 0.845 0.494 0.023
0 0.435 0.883 0.214 0.023
0 0.433 0.921 0.367 0.023
0 0.432 0.959 0.217 0.017
2 0.308 0.736 0.110 0.045
1 0.069 0.548 0.056 0.032
1 0.069 0.482 0.058 0.032
1 0.069 0.416 0.060 0.029
1 0.069 0.350 0.061 0.029
1 0.069 0.285 0.053 0.031
2 0.069 0.219 0.060 0.034
2 0.069 0.154 0.053 0.034
1 0.069 0.072 0.022 0.022
2 0.690 0.071 0.051 0.034
1 0.806 0.072 0.060 0.034
1 0.928 0.070 0.062 0.037
1 0.766 0.155 0.021 0.020
1 0.767 0.220 0.019 0.020
1 0.767 0.286 0.019 0.020
1 0.767 0.352 0.019 0.020
1 0.766 0.417 0.018 0.020
1 0.766 0.483 0.021 0.020
1 0.767 0.548 0.019 0.020
4 0.501 0.014 0.999 0.027
