0 0.372 0.074 0.237 0.025
1 0.910 0.906 0.062 0.031
1 0.420 0.716 0.062 0.032
0 0.147 0.281 0.128 0.030
0 0.380 0.280 0.171 0.013
0 0.615 0.281 0.135 0.030
0 0.847 0.280 0.165 0.030
0 0.890 0.350 0.064 0.018
0 0.128 0.352 0.182 0.025
0 0.126 0.979 0.106 0.015
0 0.375 0.979 0.183 0.016
0 0.625 0.979 0.067 0.016
0 0.876 0.982 0.113 0.018
1 0.874 0.950 0.051 0.029
1 0.626 0.952 0.051 0.026
1 0.391 0.946 0.071 0.037
1 0.126 0.950 0.051 0.029
1 0.956 0.350 0.021 0.019
1 0.942 0.072 0.050 0.026
2 0.068 0.071 0.089 0.050
2 0.147 0.196 0.138 0.077
2 0.380 0.196 0.138 0.077
2 0.613 0.196 0.139 0.077
2 0.847 0.196 0.138 0.078
1 0.200 0.072 0.050 0.028
5 0.505 0.071 0.718 0.055
3 0.501 0.840 0.524 0.072
2 0.256 0.575 0.458 0.355
2 0.256 0.848 0.458 0.151
2 0.746 0.660 0.458 0.527
4 0.501 0.017 0.999 0.033
