0 0.212 0.553 0.293 0.015
0 0.224 0.072 0.094 0.020
0 0.151 0.144 0.222 0.017
0 0.922 0.217 0.079 0.016
0 0.562 0.219 0.478 0.020
0 0.425 0.251 0.206 0.017
0 0.912 0.249 0.100 0.020
0 0.417 0.280 0.189 0.014
0 0.545 0.332 0.446 0.056
0 0.179 0.470 0.278 0.020
0 0.126 0.642 0.168 0.016
0 0.119 0.688 0.157 0.020
0 0.140 0.729 0.199 0.016
0 0.922 0.642 0.079 0.016
0 0.912 0.686 0.094 0.020
0 0.912 0.730 0.094 0.020
0 0.494 0.798 0.908 0.016
0 0.316 0.855 0.443 0.017
2 0.058 0.852 0.037 0.023
3 0.501 0.951 0.921 0.055
3 0.854 0.552 0.214 0.057
5 0.388 0.552 0.697 0.057
0 0.887 0.393 0.013 0.016
1 0.923 0.392 0.021 0.008
1 0.069 0.072 0.037 0.022
2 0.162 0.286 0.243 0.155
4 0.501 0.017 0.999 0.033
