2 0.501 0.970 0.999 0.059
0 0.349 0.072 0.346 0.023
0 0.245 0.146 0.410 0.016
0 0.375 0.210 0.239 0.025
0 0.391 0.239 0.274 0.017
0 0.528 0.304 0.422 0.018
0 0.386 0.389 0.261 0.025
0 0.414 0.418 0.317 0.018
0 0.384 0.517 0.257 0.024
0 0.363 0.547 0.215 0.022
0 0.384 0.644 0.257 0.024
0 0.422 0.672 0.335 0.018
0 0.528 0.738 0.417 0.018
0 0.408 0.823 0.306 0.024
0 0.414 0.850 0.317 0.018
2 0.145 0.831 0.062 0.033
2 0.287 0.739 0.043 0.022
2 0.147 0.655 0.060 0.034
2 0.542 0.641 0.031 0.027
1 0.147 0.528 0.060 0.034
1 0.148 0.400 0.060 0.034
2 0.283 0.305 0.042 0.023
2 0.526 0.207 0.029 0.027
2 0.147 0.221 0.061 0.034
1 0.941 0.071 0.051 0.028
1 0.069 0.071 0.050 0.020
4 0.501 0.017 0.999 0.033
