0 0.343 0.819 0.294 0.018
0 0.344 0.896 0.294 0.022
1 0.901 0.974 0.046 0.026
1 0.701 0.972 0.046 0.023
1 0.501 0.974 0.040 0.026
2 0.301 0.973 0.046 0.027
1 0.101 0.973 0.047 0.027
1 0.087 0.892 0.046 0.026
1 0.087 0.818 0.046 0.026
1 0.085 0.684 0.046 0.026
0 0.479 0.718 0.567 0.080
0 0.543 0.614 0.694 0.022
0 0.128 0.552 0.135 0.020
1 0.086 0.609 0.039 0.025
2 0.108 0.384 0.100 0.056
0 0.280 0.445 0.188 0.017
0 0.496 0.390 0.622 0.055
0 0.231 0.311 0.343 0.022
3 0.501 0.191 0.883 0.050
3 0.501 0.126 0.883 0.050
0 0.129 0.055 0.139 0.016
4 0.501 0.017 0.999 0.033
