0 0.315 0.666 0.353 0.023
0 0.233 0.566 0.186 0.020
0 0.596 0.471 0.283 0.019
0 0.199 0.376 0.117 0.020
0 0.251 0.283 0.221 0.018
0 0.253 0.188 0.226 0.020
0 0.330 0.471 0.071 0.021
1 0.395 0.470 0.026 0.009
3 0.501 0.845 0.922 0.064
0 0.504 0.758 0.886 0.044
2 0.203 0.470 0.060 0.034
1 0.903 0.568 0.050 0.024
1 0.903 0.667 0.050 0.024
1 0.070 0.658 0.032 0.026
1 0.069 0.559 0.032 0.025
2 0.067 0.462 0.043 0.027
1 0.070 0.370 0.040 0.017
1 0.070 0.276 0.029 0.027
1 0.069 0.183 0.029 0.027
1 0.069 0.072 0.047 0.024
0 0.501 0.075 0.157 0.023
5 0.544 0.671 0.815 0.033
5 0.544 0.573 0.815 0.033
5 0.703 0.476 0.500 0.030
5 0.544 0.382 0.815 0.032
5 0.544 0.289 0.817 0.030
5 0.544 0.194 0.815 0.032
4 0.501 0.017 0.999 0.033
