0 0.122 0.538 0.126 0.021
0 0.119 0.893 0.125 0.020
0 0.610 0.893 0.140 0.021
0 0.603 0.539 0.126 0.021
0 0.500 0.155 0.722 0.024
0 0.101 0.980 0.087 0.014
0 0.301 0.979 0.136 0.015
0 0.500 0.979 0.106 0.015
0 0.700 0.979 0.053 0.014
0 0.899 0.979 0.062 0.013
1 0.897 0.950 0.056 0.030
1 0.700 0.950 0.050 0.030
1 0.500 0.951 0.050 0.028
1 0.301 0.950 0.050 0.026
1 0.101 0.951 0.051 0.028
1 0.920 0.891 0.013 0.020
0 0.643 0.861 0.206 0.018
0 0.729 0.814 0.375 0.049
1 0.438 0.891 0.011 0.020
0 0.221 0.861 0.325 0.018
0 0.258 0.812 0.403 0.047
1 0.915 0.613 0.053 0.027
2 0.742 0.677 0.444 0.188
1 0.433 0.613 0.051 0.027
2 0.259 0.677 0.446 0.188
1 0.921 0.537 0.011 0.020
0 0.644 0.506 0.204 0.019
0 0.680 0.457 0.279 0.046
1 0.438 0.537 0.011 0.020
0 0.181 0.505 0.249 0.019
0 0.253 0.458 0.390 0.045
1 0.916 0.257 0.054 0.027
2 0.742 0.322 0.444 0.188
1 0.433 0.258 0.054 0.027
2 0.260 0.322 0.444 0.188
0 0.501 0.194 0.789 0.024
1 0.069 0.071 0.040 0.023
0 0.351 0.073 0.343 0.025
1 0.942 0.071 0.046 0.029
4 0.501 0.017 0.997 0.033
