0 0.182 0.184 0.039 0.034
0 0.500 0.184 0.039 0.034
0 0.817 0.184 0.040 0.034
0 0.148 0.073 0.243 0.024
0 0.256 0.360 0.397 0.036
0 0.209 0.449 0.257 0.023
0 0.200 0.527 0.236 0.023
0 0.215 0.605 0.267 0.023
0 0.206 0.681 0.249 0.019
0 0.222 0.759 0.279 0.019
0 0.209 0.837 0.254 0.018
0 0.083 0.984 0.067 0.013
0 0.252 0.985 0.096 0.016
0 0.418 0.984 0.086 0.013
0 0.585 0.984 0.068 0.013
0 0.752 0.985 0.113 0.015
0 0.917 0.984 0.037 0.013
0 0.183 0.227 0.108 0.018
0 0.500 0.227 0.108 0.018
0 0.817 0.229 0.157 0.021
1 0.825 0.072 0.042 0.031
1 0.942 0.072 0.035 0.023
2 0.499 0.196 0.951 0.145
1 0.876 0.446 0.042 0.045
1 0.876 0.524 0.042 0.045
1 0.876 0.602 0.042 0.045
1 0.876 0.680 0.042 0.045
1 0.876 0.758 0.042 0.045
1 0.894 0.858 0.138 0.077
1 0.917 0.945 0.058 0.034
1 0.751 0.945 0.054 0.032
1 0.583 0.945 0.067 0.030
2 0.417 0.945 0.067 0.041
1 0.250 0.945 0.058 0.030
1 0.084 0.945 0.062 0.030
4 0.501 0.017 0.999 0.033
