4 0.501 0.017 0.999 0.033
0 0.231 0.075 0.186 0.030
1 0.069 0.072 0.037 0.021
1 0.645 0.146 0.037 0.030
1 0.203 0.146 0.050 0.021
0 0.310 0.148 0.135 0.019
0 0.759 0.147 0.163 0.018
5 0.501 0.264 0.817 0.034
0 0.201 0.257 0.210 0.020
5 0.501 0.342 0.817 0.033
0 0.198 0.335 0.204 0.018
5 0.501 0.421 0.818 0.034
0 0.148 0.414 0.104 0.020
5 0.501 0.499 0.818 0.034
0 0.191 0.492 0.190 0.020
1 0.880 0.494 0.054 0.020
0 0.340 0.566 0.493 0.056
7 0.501 0.567 0.818 0.057
3 0.500 0.653 0.817 0.054
2 0.501 0.899 0.999 0.202
