2 0.745 0.952 0.465 0.096
2 0.258 0.952 0.465 0.096
0 0.152 0.863 0.229 0.019
0 0.602 0.863 0.149 0.019
2 0.746 0.709 0.467 0.263
2 0.258 0.709 0.465 0.263
1 0.967 0.526 0.022 0.020
0 0.657 0.525 0.547 0.018
0 0.129 0.460 0.200 0.023
1 0.134 0.430 0.215 0.020
0 0.301 0.380 0.551 0.056
0 0.546 0.430 0.197 0.014
0 0.808 0.460 0.189 0.023
1 0.818 0.430 0.214 0.020
0 0.855 0.380 0.290 0.056
2 0.855 0.226 0.290 0.210
2 0.354 0.226 0.656 0.210
1 0.054 0.065 0.061 0.034
2 0.500 0.066 0.256 0.034
3 0.892 0.063 0.197 0.031
4 0.501 0.017 0.999 0.033
