0 0.924 0.072 0.114 0.016
0 0.640 0.149 0.168 0.023
0 0.724 0.198 0.408 0.043
0 0.856 0.278 0.164 0.021
0 0.639 0.355 0.169 0.023
0 0.728 0.406 0.412 0.047
0 0.854 0.483 0.164 0.020
0 0.609 0.560 0.104 0.023
0 0.696 0.611 0.353 0.043
0 0.844 0.690 0.185 0.021
0 0.639 0.766 0.147 0.023
0 0.726 0.819 0.410 0.047
0 0.844 0.896 0.186 0.022
0 0.629 0.973 0.147 0.023
2 0.254 0.972 0.456 0.055
2 0.253 0.836 0.457 0.193
2 0.253 0.629 0.457 0.193
2 0.253 0.423 0.457 0.193
2 0.253 0.217 0.457 0.193
1 0.070 0.071 0.040 0.023
1 0.787 0.072 0.044 0.025
1 0.533 0.147 0.026 0.014
1 0.912 0.148 0.050 0.027
1 0.912 0.354 0.050 0.026
1 0.533 0.353 0.025 0.014
1 0.912 0.560 0.050 0.026
1 0.533 0.559 0.025 0.014
1 0.537 0.765 0.031 0.016
1 0.912 0.766 0.051 0.027
1 0.912 0.972 0.051 0.027
1 0.533 0.972 0.026 0.014
4 0.501 0.017 0.999 0.033
