4 0.501 0.014 0.999 0.026
0 0.347 0.113 0.592 0.078
0 0.483 0.216 0.868 0.062
2 0.083 0.320 0.069 0.030
0 0.272 0.318 0.272 0.020
1 0.928 0.321 0.017 0.016
2 0.083 0.406 0.069 0.030
0 0.260 0.404 0.249 0.020
2 0.085 0.492 0.069 0.029
0 0.208 0.494 0.147 0.023
2 0.083 0.578 0.069 0.030
0 0.239 0.577 0.206 0.020
1 0.928 0.407 0.015 0.016
1 0.928 0.493 0.017 0.016
1 0.928 0.580 0.017 0.017
2 0.085 0.664 0.069 0.030
0 0.194 0.666 0.117 0.023
2 0.084 0.750 0.071 0.030
0 0.225 0.749 0.178 0.020
2 0.084 0.836 0.071 0.029
0 0.197 0.836 0.124 0.020
2 0.084 0.922 0.071 0.030
0 0.240 0.920 0.212 0.023
1 0.928 0.665 0.017 0.016
1 0.927 0.752 0.015 0.017
1 0.928 0.837 0.015 0.016
1 0.926 0.924 0.017 0.016
