1 0.113 0.723 0.057 0.029
1 0.113 0.477 0.057 0.029
1 0.113 0.180 0.057 0.030
4 0.501 0.017 0.999 0.033
1 0.463 0.500 0.242 0.023
0 0.497 0.464 0.310 0.016
3 0.449 0.367 0.217 0.045
1 0.463 0.271 0.242 0.023
1 0.062 0.071 0.053 0.026
1 0.940 0.071 0.056 0.027
0 0.822 0.272 0.232 0.014
1 0.359 0.310 0.037 0.022
0 0.560 0.312 0.332 0.018
0 0.836 0.375 0.203 0.021
0 0.826 0.501 0.219 0.014
1 0.359 0.538 0.037 0.022
0 0.566 0.539 0.343 0.015
3 0.449 0.613 0.217 0.045
1 0.463 0.814 0.242 0.023
1 0.359 0.853 0.037 0.022
0 0.515 0.856 0.240 0.018
3 0.449 0.911 0.217 0.045
0 0.843 0.918 0.183 0.022
2 0.179 0.990 0.278 0.020
0 0.836 0.816 0.203 0.014
0 0.634 0.746 0.588 0.090
2 0.179 0.542 0.278 0.209
2 0.179 0.813 0.278 0.260
0 0.633 0.201 0.586 0.087
2 0.179 0.270 0.278 0.260
0 0.844 0.621 0.185 0.021
