0 0.205 0.073 0.365 0.025
0 0.503 0.250 0.800 0.092
0 0.502 0.523 0.221 0.022
0 0.501 0.800 0.581 0.021
0 0.084 0.983 0.068 0.013
0 0.253 0.985 0.097 0.016
0 0.419 0.983 0.087 0.013
0 0.585 0.983 0.069 0.013
0 0.751 0.985 0.114 0.016
0 0.918 0.984 0.039 0.013
1 0.917 0.945 0.057 0.034
1 0.750 0.945 0.056 0.034
1 0.583 0.945 0.069 0.031
2 0.417 0.945 0.068 0.041
1 0.250 0.945 0.058 0.030
1 0.084 0.945 0.062 0.030
1 0.941 0.071 0.060 0.034
2 0.501 0.247 0.999 0.273
2 0.501 0.523 0.999 0.273
1 0.893 0.858 0.139 0.078
2 0.501 0.790 0.999 0.255
4 0.501 0.017 0.999 0.033
