0 0.472 0.098 0.593 0.025
3 0.500 0.867 0.922 0.059
0 0.401 0.189 0.469 0.020
0 0.269 0.271 0.203 0.021
0 0.351 0.355 0.365 0.022
0 0.264 0.437 0.192 0.017
0 0.226 0.522 0.119 0.021
0 0.397 0.606 0.461 0.021
0 0.278 0.687 0.225 0.018
0 0.318 0.773 0.303 0.021
0 0.126 0.985 0.079 0.013
0 0.376 0.985 0.174 0.013
0 0.626 0.987 0.108 0.016
0 0.875 0.985 0.144 0.013
1 0.875 0.955 0.056 0.031
1 0.626 0.956 0.054 0.026
1 0.376 0.956 0.057 0.028
1 0.126 0.955 0.056 0.031
2 0.098 0.771 0.062 0.027
2 0.098 0.686 0.068 0.038
2 0.098 0.603 0.071 0.041
2 0.099 0.519 0.058 0.034
2 0.099 0.436 0.085 0.046
2 0.098 0.352 0.043 0.041
2 0.099 0.269 0.062 0.035
2 0.099 0.186 0.067 0.029
1 0.108 0.095 0.047 0.027
5 0.501 0.096 0.924 0.077
4 0.501 0.017 0.999 0.033
