0 0.148 0.594 0.254 0.020
0 0.577 0.820 0.115 0.019
0 0.601 0.446 0.164 0.020
1 0.900 0.961 0.050 0.029
1 0.697 0.961 0.050 0.029
1 0.501 0.961 0.050 0.025
1 0.299 0.961 0.044 0.024
1 0.101 0.961 0.046 0.023
2 0.750 0.898 0.461 0.050
2 0.251 0.785 0.461 0.273
2 0.750 0.630 0.461 0.260
2 0.750 0.287 0.461 0.198
2 0.251 0.362 0.463 0.347
0 0.640 0.793 0.236 0.022
0 0.106 0.566 0.169 0.018
0 0.731 0.420 0.421 0.022
0 0.206 0.145 0.328 0.025
1 0.070 0.072 0.040 0.023
0 0.308 0.074 0.319 0.030
1 0.942 0.071 0.046 0.029
4 0.501 0.014 0.999 0.026
