4 0.501 0.017 0.999 0.033
1 0.930 0.073 0.065 0.031
0 0.316 0.071 0.326 0.026
1 0.099 0.073 0.044 0.025
2 0.151 0.202 0.172 0.097
0 0.455 0.175 0.382 0.027
0 0.367 0.214 0.204 0.018
0 0.495 0.320 0.860 0.080
7 0.204 0.398 0.281 0.024
0 0.228 0.399 0.231 0.023
7 0.263 0.425 0.399 0.024
0 0.287 0.426 0.347 0.023
7 0.283 0.453 0.439 0.024
0 0.308 0.454 0.390 0.022
2 0.152 0.579 0.171 0.096
0 0.557 0.565 0.586 0.054
0 0.318 0.623 0.106 0.019
0 0.493 0.696 0.856 0.082
7 0.228 0.773 0.329 0.022
0 0.252 0.774 0.279 0.018
7 0.347 0.803 0.565 0.025
0 0.370 0.804 0.515 0.023
7 0.310 0.832 0.492 0.024
0 0.334 0.831 0.440 0.023
2 0.625 0.943 0.053 0.037
1 0.126 0.944 0.076 0.038
1 0.375 0.944 0.075 0.037
1 0.875 0.944 0.067 0.037
0 0.376 0.980 0.072 0.015
0 0.126 0.980 0.082 0.014
0 0.626 0.981 0.121 0.013
0 0.875 0.981 0.100 0.013
5 0.456 0.073 0.833 0.055
