3 0.956 0.143 0.087 0.045
3 0.717 0.143 0.315 0.045
3 0.394 0.143 0.256 0.045
3 0.135 0.143 0.190 0.045
4 0.501 0.017 0.999 0.033
1 0.070 0.071 0.040 0.018
0 0.347 0.073 0.339 0.027
1 0.942 0.071 0.042 0.026
0 0.631 0.250 0.599 0.073
0 0.528 0.336 0.393 0.056
1 0.942 0.343 0.051 0.025
2 0.161 0.274 0.244 0.138
2 0.161 0.461 0.244 0.137
0 0.639 0.438 0.617 0.073
0 0.546 0.524 0.428 0.060
1 0.941 0.530 0.051 0.025
2 0.162 0.648 0.243 0.138
0 0.597 0.602 0.524 0.030
0 0.590 0.667 0.521 0.060
1 0.942 0.716 0.050 0.025
2 0.161 0.834 0.244 0.138
0 0.639 0.811 0.614 0.073
0 0.582 0.897 0.497 0.060
1 0.942 0.902 0.050 0.025
0 0.596 0.976 0.522 0.030
2 0.162 0.976 0.243 0.048
