0 0.326 0.295 0.338 0.025
0 0.346 0.071 0.397 0.023
0 0.499 0.186 0.524 0.074
0 0.501 0.500 0.353 0.025
0 0.292 0.591 0.443 0.019
0 0.200 0.621 0.264 0.016
0 0.514 0.695 0.425 0.057
0 0.274 0.895 0.406 0.023
0 0.126 0.985 0.078 0.013
0 0.376 0.985 0.172 0.013
0 0.626 0.986 0.108 0.016
0 0.876 0.985 0.146 0.013
1 0.126 0.955 0.056 0.031
1 0.376 0.956 0.057 0.029
1 0.626 0.955 0.054 0.027
1 0.875 0.955 0.056 0.031
3 0.501 0.782 0.865 0.066
2 0.166 0.689 0.196 0.074
1 0.500 0.452 0.075 0.042
1 0.108 0.294 0.044 0.025
1 0.875 0.151 0.050 0.028
1 0.069 0.070 0.050 0.020
5 0.500 0.294 0.883 0.077
4 0.501 0.017 0.999 0.033
