0 0.254 0.221 0.119 0.017
0 0.499 0.144 0.633 0.070
3 0.501 0.914 0.854 0.090
1 0.066 0.077 0.035 0.031
1 0.147 0.221 0.046 0.026
2 0.158 0.335 0.064 0.029
2 0.608 0.334 0.079 0.023
1 0.607 0.450 0.067 0.029
1 0.156 0.449 0.062 0.035
2 0.159 0.564 0.062 0.026
2 0.607 0.564 0.064 0.037
2 0.158 0.680 0.064 0.036
2 0.607 0.680 0.047 0.036
1 0.607 0.797 0.064 0.028
1 0.158 0.796 0.064 0.030
5 0.501 0.221 0.853 0.055
3 0.276 0.793 0.406 0.083
3 0.725 0.793 0.406 0.083
3 0.726 0.681 0.404 0.090
3 0.275 0.681 0.403 0.089
3 0.276 0.565 0.406 0.090
3 0.726 0.566 0.404 0.089
3 0.725 0.450 0.406 0.090
3 0.275 0.449 0.406 0.090
3 0.276 0.334 0.404 0.090
3 0.726 0.335 0.404 0.090
4 0.501 0.017 0.999 0.033
