0 0.290 0.983 0.507 0.034
1 0.052 0.825 0.032 0.023
1 0.053 0.884 0.033 0.019
1 0.319 0.885 0.022 0.009
0 0.192 0.886 0.207 0.020
0 0.471 0.823 0.767 0.044
0 0.144 0.757 0.207 0.016
0 0.484 0.675 0.896 0.099
2 0.624 0.577 0.060 0.034
1 0.865 0.578 0.057 0.032
0 0.931 0.581 0.051 0.016
0 0.722 0.580 0.114 0.017
3 0.144 0.580 0.212 0.045
1 0.849 0.534 0.215 0.020
1 0.917 0.458 0.071 0.035
0 0.306 0.438 0.524 0.098
1 0.062 0.071 0.051 0.025
1 0.941 0.071 0.057 0.027
2 0.500 0.269 0.997 0.470
4 0.501 0.017 0.999 0.033
