1 0.926 0.856 0.149 0.020
0 0.926 0.905 0.149 0.048
0 0.925 0.805 0.150 0.052
1 0.547 0.857 0.215 0.020
0 0.628 0.805 0.382 0.052
0 0.596 0.905 0.314 0.047
1 0.133 0.856 0.215 0.020
0 0.197 0.904 0.346 0.044
0 0.174 0.805 0.289 0.052
0 0.921 0.597 0.108 0.014
2 0.925 0.700 0.150 0.130
2 0.633 0.700 0.390 0.130
2 0.220 0.700 0.390 0.130
0 0.161 0.593 0.264 0.023
0 0.855 0.427 0.290 0.052
0 0.117 0.509 0.176 0.022
1 0.817 0.479 0.215 0.020
0 0.814 0.509 0.200 0.023
1 0.133 0.478 0.215 0.020
0 0.534 0.478 0.221 0.013
0 0.274 0.429 0.496 0.055
2 0.855 0.275 0.290 0.212
0 0.922 0.130 0.110 0.015
0 0.297 0.129 0.543 0.030
2 0.354 0.275 0.656 0.212
0 0.103 0.993 0.086 0.014
0 0.301 0.991 0.094 0.013
0 0.502 0.993 0.107 0.015
0 0.702 0.993 0.110 0.015
0 0.901 0.991 0.075 0.013
1 0.901 0.960 0.053 0.030
1 0.701 0.961 0.074 0.032
1 0.502 0.959 0.060 0.033
1 0.301 0.961 0.065 0.034
1 0.101 0.960 0.065 0.037
1 0.940 0.069 0.053 0.030
1 0.815 0.070 0.069 0.030
0 0.159 0.071 0.132 0.022
1 0.063 0.071 0.054 0.026
4 0.501 0.017 0.999 0.033
