4 0.501 0.014 0.999 0.027
2 0.260 0.159 0.443 0.249
2 0.740 0.093 0.442 0.120
0 0.653 0.183 0.265 0.018
0 0.624 0.211 0.206 0.020
0 0.149 0.315 0.217 0.017
0 0.130 0.343 0.179 0.020
2 0.741 0.395 0.443 0.259
0 0.699 0.557 0.358 0.021
0 0.687 0.584 0.335 0.019
2 0.260 0.572 0.443 0.349
0 0.093 0.780 0.103 0.022
0 0.236 0.807 0.392 0.020
2 0.260 0.892 0.443 0.063
2 0.740 0.781 0.443 0.285
1 0.101 0.961 0.049 0.024
1 0.299 0.961 0.043 0.025
1 0.501 0.961 0.051 0.026
1 0.698 0.961 0.051 0.029
1 0.901 0.961 0.051 0.029
