0 0.473 0.221 0.590 0.024
0 0.399 0.115 0.682 0.080
0 0.343 0.332 0.564 0.028
1 0.109 0.218 0.046 0.026
0 0.200 0.473 0.144 0.036
0 0.501 0.473 0.164 0.036
0 0.802 0.475 0.160 0.039
0 0.201 0.628 0.171 0.036
0 0.500 0.628 0.186 0.036
0 0.803 0.628 0.161 0.036
0 0.363 0.729 0.607 0.021
0 0.199 0.879 0.179 0.037
0 0.501 0.879 0.131 0.037
0 0.801 0.879 0.203 0.037
0 0.127 0.985 0.079 0.013
0 0.376 0.985 0.172 0.013
0 0.626 0.986 0.108 0.016
0 0.876 0.985 0.146 0.013
1 0.126 0.955 0.056 0.030
1 0.376 0.956 0.057 0.029
1 0.626 0.955 0.054 0.027
1 0.875 0.955 0.056 0.031
2 0.801 0.818 0.069 0.036
2 0.500 0.818 0.067 0.031
2 0.200 0.818 0.072 0.030
2 0.201 0.567 0.064 0.037
2 0.501 0.567 0.068 0.038
2 0.802 0.567 0.068 0.037
2 0.200 0.412 0.075 0.039
2 0.502 0.412 0.051 0.039
2 0.801 0.412 0.072 0.026
5 0.501 0.218 0.924 0.079
4 0.501 0.017 0.999 0.033
