0 0.581 0.857 0.086 0.016
0 0.748 0.889 0.421 0.019
0 0.643 0.916 0.211 0.018
0 0.712 0.949 0.349 0.016
0 0.214 0.949 0.353 0.016
0 0.110 0.917 0.143 0.018
0 0.243 0.887 0.408 0.016
0 0.149 0.857 0.224 0.016
0 0.206 0.461 0.336 0.016
0 0.144 0.428 0.214 0.019
0 0.242 0.398 0.408 0.016
0 0.149 0.369 0.224 0.016
0 0.681 0.461 0.289 0.016
0 0.608 0.429 0.144 0.018
0 0.597 0.371 0.122 0.020
1 0.070 0.072 0.040 0.023
0 0.326 0.071 0.375 0.023
1 0.588 0.071 0.043 0.024
1 0.706 0.071 0.060 0.034
1 0.823 0.072 0.054 0.031
1 0.944 0.074 0.044 0.024
4 0.501 0.014 0.999 0.026
0 0.924 0.548 0.013 0.015
1 0.884 0.548 0.046 0.024
0 0.410 0.548 0.043 0.015
1 0.352 0.548 0.046 0.025
0 0.749 0.400 0.419 0.020
2 0.751 0.212 0.204 0.080
2 0.752 0.707 0.190 0.137
2 0.241 0.696 0.185 0.076
2 0.249 0.209 0.307 0.077
