2 0.501 0.145 0.482 0.066
0 0.251 0.263 0.103 0.023
0 0.751 0.261 0.304 0.018
0 0.213 0.363 0.249 0.016
0 0.254 0.442 0.333 0.017
0 0.492 0.520 0.885 0.051
0 0.304 0.597 0.503 0.022
7 0.445 0.653 0.782 0.045
0 0.475 0.654 0.722 0.043
0 0.212 0.695 0.192 0.016
0 0.457 0.739 0.681 0.038
0 0.499 0.883 0.479 0.016
2 0.433 0.939 0.071 0.040
1 0.131 0.939 0.067 0.038
1 0.743 0.939 0.067 0.032
0 0.844 0.939 0.101 0.015
0 0.247 0.940 0.133 0.014
0 0.553 0.942 0.140 0.018
5 0.501 0.443 0.906 0.068
5 0.500 0.362 0.906 0.069
