1 0.069 0.071 0.040 0.023
0 0.412 0.074 0.469 0.028
2 0.083 0.148 0.086 0.033
7 0.574 0.149 0.781 0.026
0 0.390 0.150 0.414 0.023
2 0.084 0.227 0.087 0.033
7 0.574 0.227 0.781 0.026
0 0.369 0.228 0.371 0.024
2 0.084 0.304 0.087 0.033
7 0.574 0.305 0.781 0.026
0 0.447 0.306 0.528 0.024
2 0.083 0.382 0.086 0.032
0 0.418 0.382 0.469 0.028
7 0.573 0.382 0.782 0.028
2 0.083 0.461 0.087 0.034
7 0.574 0.461 0.781 0.026
0 0.349 0.462 0.332 0.024
2 0.084 0.539 0.087 0.034
7 0.574 0.539 0.781 0.026
0 0.344 0.538 0.322 0.020
2 0.084 0.617 0.087 0.034
7 0.574 0.618 0.781 0.026
0 0.397 0.616 0.426 0.020
2 0.083 0.695 0.089 0.034
7 0.574 0.695 0.781 0.025
0 0.341 0.696 0.315 0.025
2 0.083 0.772 0.087 0.034
7 0.574 0.773 0.781 0.025
0 0.351 0.775 0.336 0.023
2 0.083 0.850 0.089 0.034
7 0.574 0.852 0.781 0.025
0 0.358 0.850 0.349 0.020
2 0.083 0.929 0.087 0.034
7 0.573 0.930 0.782 0.027
0 0.333 0.931 0.300 0.024
2 0.084 0.995 0.087 0.010
4 0.501 0.013 0.999 0.025
