0 0.097 0.073 0.111 0.022
0 0.174 0.155 0.113 0.022
0 0.183 0.243 0.129 0.022
0 0.291 0.332 0.346 0.022
0 0.251 0.419 0.265 0.023
0 0.292 0.509 0.346 0.022
0 0.164 0.585 0.250 0.018
0 0.151 0.650 0.222 0.019
0 0.158 0.718 0.232 0.023
0 0.167 0.782 0.254 0.018
0 0.126 0.980 0.085 0.016
0 0.374 0.979 0.100 0.016
0 0.626 0.981 0.138 0.020
0 0.876 0.979 0.086 0.018
1 0.875 0.948 0.042 0.008
1 0.626 0.951 0.051 0.027
1 0.374 0.950 0.046 0.026
1 0.126 0.950 0.050 0.025
1 0.069 0.506 0.037 0.024
1 0.070 0.417 0.046 0.030
1 0.070 0.330 0.046 0.030
1 0.069 0.241 0.056 0.023
1 0.068 0.154 0.056 0.023
4 0.501 0.017 0.999 0.033
