1 0.926 0.820 0.149 0.020
1 0.547 0.820 0.214 0.020
1 0.133 0.820 0.214 0.020
0 0.219 0.882 0.386 0.073
0 0.624 0.882 0.371 0.074
0 0.926 0.867 0.149 0.044
0 0.925 0.786 0.150 0.017
0 0.588 0.788 0.293 0.021
0 0.149 0.788 0.244 0.021
1 0.818 0.477 0.214 0.020
2 0.855 0.272 0.290 0.212
0 0.922 0.594 0.110 0.015
2 0.632 0.698 0.389 0.130
2 0.926 0.698 0.149 0.130
2 0.221 0.698 0.389 0.130
0 0.546 0.476 0.197 0.013
0 0.855 0.426 0.290 0.055
0 0.228 0.592 0.399 0.031
0 0.808 0.507 0.188 0.023
0 0.129 0.507 0.200 0.023
1 0.135 0.476 0.214 0.020
0 0.301 0.426 0.550 0.055
0 0.921 0.128 0.108 0.016
0 0.203 0.126 0.357 0.030
2 0.353 0.273 0.657 0.211
0 0.101 0.993 0.086 0.015
0 0.301 0.991 0.096 0.012
0 0.501 0.993 0.108 0.014
0 0.701 0.993 0.108 0.015
0 0.903 0.991 0.075 0.013
1 0.901 0.961 0.053 0.030
1 0.701 0.961 0.074 0.031
1 0.502 0.959 0.060 0.033
1 0.301 0.961 0.065 0.034
1 0.101 0.960 0.064 0.036
1 0.941 0.068 0.051 0.029
1 0.816 0.070 0.071 0.029
0 0.160 0.071 0.133 0.023
1 0.062 0.071 0.056 0.026
4 0.501 0.017 0.999 0.033
