0 0.227 0.071 0.096 0.026
0 0.108 0.167 0.135 0.018
0 0.192 0.230 0.146 0.019
0 0.206 0.307 0.178 0.020
0 0.108 0.382 0.136 0.016
0 0.265 0.444 0.293 0.020
0 0.224 0.523 0.210 0.019
0 0.087 0.598 0.092 0.021
0 0.332 0.659 0.431 0.020
0 0.494 0.734 0.433 0.020
0 0.567 0.791 0.578 0.053
2 0.148 0.769 0.179 0.045
1 0.069 0.070 0.040 0.023
1 0.060 0.229 0.044 0.026
1 0.060 0.306 0.044 0.025
1 0.059 0.443 0.046 0.025
1 0.060 0.521 0.044 0.020
1 0.059 0.657 0.040 0.026
1 0.931 0.658 0.018 0.017
1 0.931 0.521 0.018 0.016
1 0.931 0.443 0.018 0.017
1 0.931 0.306 0.018 0.017
1 0.933 0.228 0.018 0.017
4 0.501 0.014 0.999 0.027
