0 0.245 0.088 0.126 0.016
0 0.210 0.325 0.299 0.011
0 0.696 0.325 0.358 0.011
0 0.263 0.370 0.404 0.048
0 0.690 0.369 0.349 0.049
0 0.608 0.412 0.182 0.023
0 0.146 0.412 0.167 0.023
0 0.308 0.442 0.231 0.019
0 0.672 0.441 0.047 0.014
0 0.231 0.676 0.340 0.012
0 0.656 0.676 0.279 0.012
0 0.239 0.720 0.358 0.047
0 0.725 0.720 0.417 0.045
0 0.151 0.762 0.179 0.023
0 0.598 0.764 0.163 0.023
0 0.762 0.794 0.228 0.018
0 0.306 0.794 0.229 0.018
0 0.103 0.981 0.117 0.012
0 0.301 0.981 0.087 0.012
0 0.499 0.981 0.071 0.012
0 0.699 0.981 0.082 0.012
0 0.897 0.981 0.104 0.012
1 0.124 0.088 0.028 0.015
1 0.431 0.171 0.039 0.020
1 0.885 0.170 0.037 0.020
1 0.431 0.521 0.039 0.020
1 0.885 0.521 0.037 0.020
1 0.103 0.954 0.051 0.032
1 0.301 0.953 0.060 0.030
2 0.499 0.954 0.053 0.032
1 0.697 0.953 0.056 0.030
1 0.897 0.954 0.060 0.034
3 0.501 0.878 0.883 0.072
1 0.123 0.792 0.124 0.014
1 0.577 0.793 0.124 0.013
1 0.577 0.441 0.124 0.014
1 0.122 0.441 0.124 0.014
2 0.274 0.220 0.425 0.159
2 0.728 0.219 0.425 0.160
2 0.273 0.571 0.426 0.160
2 0.728 0.571 0.425 0.159
5 0.501 0.088 0.875 0.069
4 0.501 0.014 0.999 0.027
