1 0.101 0.961 0.046 0.024
1 0.301 0.961 0.043 0.024
1 0.501 0.962 0.050 0.025
1 0.697 0.961 0.050 0.029
1 0.900 0.962 0.050 0.028
0 0.925 0.625 0.069 0.016
0 0.939 0.561 0.044 0.016
0 0.301 0.890 0.286 0.023
0 0.332 0.824 0.347 0.024
0 0.294 0.759 0.268 0.025
0 0.355 0.690 0.393 0.020
0 0.243 0.627 0.169 0.024
0 0.319 0.562 0.325 0.025
2 0.071 0.887 0.039 0.023
1 0.069 0.821 0.050 0.028
1 0.069 0.755 0.040 0.030
2 0.069 0.690 0.050 0.028
1 0.068 0.624 0.025 0.025
1 0.069 0.559 0.043 0.024
3 0.280 0.437 0.404 0.066
3 0.722 0.437 0.404 0.066
0 0.501 0.358 0.903 0.025
0 0.501 0.315 0.446 0.029
4 0.501 0.017 0.999 0.033
2 0.501 0.154 0.446 0.209
