0 0.399 0.071 0.342 0.020
0 0.503 0.148 0.711 0.034
0 0.899 0.990 0.107 0.017
0 0.701 0.988 0.156 0.014
0 0.501 0.988 0.061 0.014
0 0.301 0.989 0.074 0.013
0 0.102 0.988 0.121 0.014
1 0.101 0.960 0.061 0.034
1 0.301 0.959 0.040 0.029
1 0.500 0.959 0.061 0.034
1 0.700 0.959 0.061 0.034
1 0.901 0.959 0.049 0.029
0 0.501 0.769 0.467 0.045
2 0.501 0.622 0.899 0.228
0 0.502 0.454 0.574 0.023
0 0.502 0.175 0.754 0.018
1 0.107 0.073 0.064 0.023
5 0.504 0.073 0.639 0.061
1 0.901 0.075 0.060 0.035
1 0.744 0.071 0.146 0.052
4 0.501 0.017 0.997 0.033
2 0.501 0.318 0.903 0.230
