0 0.251 0.143 0.196 0.017
0 0.751 0.143 0.092 0.018
0 0.901 0.986 0.060 0.013
0 0.701 0.986 0.082 0.013
0 0.502 0.986 0.076 0.013
0 0.301 0.986 0.068 0.013
0 0.101 0.988 0.057 0.014
1 0.100 0.955 0.067 0.030
1 0.315 0.953 0.087 0.042
1 0.500 0.957 0.056 0.036
1 0.699 0.955 0.051 0.034
1 0.901 0.959 0.060 0.011
1 0.892 0.853 0.138 0.077
0 0.767 0.773 0.329 0.020
0 0.526 0.691 0.657 0.072
2 0.100 0.683 0.117 0.066
0 0.740 0.574 0.383 0.020
0 0.508 0.492 0.625 0.073
2 0.099 0.483 0.117 0.065
3 0.501 0.341 0.786 0.051
0 0.501 0.232 0.796 0.082
0 0.109 0.074 0.118 0.030
4 0.501 0.014 0.999 0.026
