0 0.522 0.669 0.376 0.024
0 0.103 0.491 0.064 0.023
0 0.103 0.450 0.076 0.016
1 0.101 0.968 0.050 0.029
1 0.301 0.967 0.051 0.029
1 0.501 0.966 0.051 0.025
1 0.700 0.968 0.042 0.029
1 0.901 0.968 0.013 0.023
1 0.942 0.786 0.051 0.025
0 0.592 0.880 0.519 0.073
0 0.550 0.736 0.442 0.061
2 0.161 0.885 0.244 0.099
2 0.162 0.717 0.246 0.089
0 0.405 0.560 0.476 0.056
0 0.501 0.477 0.669 0.070
1 0.738 0.397 0.119 0.067
1 0.869 0.397 0.118 0.067
0 0.310 0.082 0.533 0.027
2 0.500 0.267 0.922 0.260
4 0.501 0.017 0.999 0.033
