0 0.449 0.074 0.533 0.021
2 0.988 0.704 0.024 0.293
2 0.489 0.703 0.925 0.292
1 0.085 0.590 0.021 0.015
1 0.912 0.961 0.053 0.034
1 0.738 0.962 0.054 0.034
1 0.564 0.961 0.061 0.034
1 0.391 0.962 0.046 0.032
1 0.155 0.948 0.057 0.033
0 0.156 0.976 0.111 0.020
0 0.487 0.893 0.846 0.050
0 0.488 0.785 0.279 0.022
0 0.163 0.591 0.104 0.013
0 0.242 0.518 0.425 0.030
0 0.921 0.434 0.158 0.019
0 0.524 0.433 0.149 0.018
0 0.179 0.433 0.244 0.020
2 0.906 0.325 0.189 0.281
2 0.605 0.325 0.374 0.281
2 0.213 0.325 0.374 0.280
0 0.280 0.154 0.504 0.030
1 0.108 0.072 0.047 0.030
1 0.935 0.073 0.054 0.030
5 0.444 0.072 0.811 0.048
4 0.501 0.017 0.999 0.033
