0 0.276 0.590 0.219 0.017
0 0.101 0.500 0.017 0.023
0 0.105 0.459 0.071 0.016
0 0.591 0.789 0.521 0.060
1 0.101 0.968 0.050 0.029
1 0.300 0.967 0.050 0.027
1 0.501 0.966 0.051 0.025
1 0.700 0.967 0.042 0.029
1 0.900 0.967 0.014 0.023
1 0.942 0.795 0.050 0.025
0 0.572 0.887 0.483 0.067
0 0.511 0.700 0.358 0.067
2 0.161 0.889 0.244 0.091
2 0.162 0.727 0.243 0.138
0 0.306 0.552 0.279 0.020
0 0.542 0.487 0.744 0.070
1 0.736 0.406 0.119 0.067
1 0.869 0.406 0.117 0.066
0 0.326 0.091 0.569 0.027
2 0.501 0.276 0.922 0.260
4 0.501 0.017 0.999 0.033
