4 0.501 0.017 0.999 0.033
2 0.163 0.128 0.244 0.138
0 0.540 0.188 0.415 0.056
0 0.637 0.102 0.613 0.067
1 0.942 0.196 0.053 0.026
0 0.639 0.289 0.617 0.068
0 0.586 0.377 0.511 0.061
1 0.942 0.382 0.051 0.026
2 0.161 0.314 0.244 0.138
2 0.161 0.501 0.244 0.138
0 0.536 0.455 0.403 0.030
0 0.528 0.520 0.392 0.061
0 0.501 0.638 0.475 0.019
0 0.287 0.819 0.497 0.034
2 0.501 0.903 0.924 0.065
1 0.101 0.968 0.050 0.029
1 0.301 0.967 0.051 0.029
1 0.501 0.966 0.051 0.025
1 0.700 0.968 0.042 0.029
1 0.900 0.967 0.014 0.023
1 0.942 0.570 0.053 0.026
