0 0.107 0.929 0.133 0.017
0 0.243 0.899 0.406 0.015
0 0.110 0.871 0.143 0.018
0 0.578 0.964 0.081 0.020
0 0.608 0.929 0.140 0.018
0 0.747 0.901 0.417 0.020
0 0.610 0.871 0.146 0.020
1 0.362 0.561 0.044 0.023
1 0.854 0.561 0.044 0.024
0 0.910 0.560 0.042 0.016
0 0.415 0.561 0.032 0.014
0 0.695 0.474 0.315 0.015
0 0.607 0.441 0.139 0.018
0 0.742 0.413 0.408 0.019
0 0.582 0.381 0.092 0.016
0 0.233 0.473 0.392 0.016
0 0.109 0.441 0.143 0.018
0 0.247 0.413 0.415 0.019
0 0.112 0.384 0.146 0.019
0 0.154 0.350 0.233 0.019
2 0.251 0.710 0.260 0.048
2 0.750 0.709 0.239 0.160
2 0.747 0.228 0.294 0.131
2 0.249 0.222 0.218 0.160
1 0.945 0.073 0.043 0.025
1 0.823 0.071 0.054 0.031
1 0.706 0.071 0.060 0.034
1 0.589 0.071 0.044 0.025
0 0.311 0.071 0.347 0.022
1 0.069 0.072 0.039 0.023
4 0.501 0.014 0.999 0.026
