0 0.269 0.946 0.211 0.020
0 0.285 0.848 0.244 0.020
0 0.301 0.752 0.274 0.025
0 0.301 0.654 0.274 0.025
0 0.235 0.553 0.139 0.020
0 0.221 0.455 0.114 0.019
0 0.394 0.359 0.461 0.025
0 0.208 0.261 0.093 0.023
0 0.278 0.160 0.232 0.020
1 0.915 0.947 0.039 0.009
1 0.915 0.848 0.039 0.010
1 0.915 0.749 0.039 0.009
1 0.915 0.651 0.039 0.010
1 0.916 0.553 0.040 0.009
1 0.915 0.455 0.039 0.009
1 0.915 0.356 0.039 0.009
1 0.915 0.258 0.039 0.009
1 0.915 0.159 0.039 0.009
2 0.090 0.947 0.037 0.031
2 0.088 0.847 0.096 0.055
2 0.090 0.749 0.096 0.055
2 0.088 0.651 0.096 0.055
2 0.088 0.552 0.096 0.055
2 0.090 0.454 0.096 0.055
2 0.090 0.356 0.096 0.055
2 0.090 0.258 0.096 0.055
3 0.088 0.159 0.096 0.054
1 0.069 0.071 0.049 0.020
2 0.248 0.071 0.224 0.047
1 0.807 0.071 0.058 0.032
1 0.922 0.065 0.081 0.045
4 0.501 0.017 0.999 0.033
