1 0.052 0.897 0.032 0.023
1 0.053 0.982 0.033 0.019
0 0.192 0.984 0.206 0.020
1 0.318 0.982 0.019 0.007
0 0.521 0.896 0.864 0.095
0 0.372 0.812 0.567 0.020
2 0.053 0.812 0.035 0.020
0 0.144 0.758 0.207 0.017
0 0.499 0.675 0.926 0.099
3 0.142 0.580 0.212 0.045
0 0.931 0.581 0.051 0.016
0 0.722 0.580 0.114 0.016
2 0.623 0.577 0.060 0.034
1 0.864 0.578 0.058 0.032
1 0.917 0.458 0.072 0.037
0 0.386 0.463 0.686 0.033
4 0.501 0.017 0.999 0.033
1 0.940 0.071 0.056 0.027
1 0.062 0.071 0.051 0.025
2 0.501 0.268 0.999 0.470
1 0.849 0.533 0.215 0.020
