0 0.319 0.075 0.400 0.024
2 0.079 0.262 0.117 0.066
2 0.079 0.349 0.117 0.066
2 0.079 0.436 0.117 0.066
2 0.079 0.524 0.117 0.066
2 0.079 0.612 0.117 0.066
2 0.079 0.699 0.117 0.066
2 0.078 0.786 0.118 0.066
2 0.079 0.873 0.117 0.066
1 0.102 0.951 0.051 0.029
1 0.301 0.950 0.051 0.026
1 0.501 0.950 0.051 0.029
1 0.700 0.950 0.050 0.030
1 0.899 0.950 0.056 0.030
0 0.899 0.979 0.065 0.015
0 0.700 0.979 0.053 0.015
0 0.500 0.979 0.106 0.016
0 0.301 0.979 0.136 0.015
0 0.101 0.979 0.089 0.015
0 0.463 0.878 0.571 0.024
0 0.401 0.790 0.450 0.024
0 0.411 0.700 0.467 0.020
0 0.231 0.613 0.108 0.019
0 0.358 0.525 0.357 0.020
0 0.282 0.440 0.206 0.025
0 0.399 0.353 0.443 0.024
0 0.201 0.263 0.049 0.020
0 0.501 0.194 0.411 0.024
0 0.501 0.156 0.286 0.023
1 0.067 0.072 0.049 0.027
1 0.932 0.073 0.036 0.027
5 0.500 0.072 0.961 0.055
4 0.501 0.017 0.999 0.033
