2 0.500 0.099 0.272 0.067
0 0.501 0.182 0.540 0.025
3 0.330 0.265 0.276 0.066
3 0.649 0.265 0.326 0.066
0 0.126 0.395 0.169 0.017
0 0.209 0.454 0.185 0.021
0 0.337 0.486 0.435 0.019
0 0.371 0.558 0.500 0.025
0 0.335 0.589 0.438 0.020
0 0.199 0.721 0.161 0.023
0 0.238 0.796 0.237 0.021
0 0.167 0.981 0.090 0.012
0 0.501 0.981 0.118 0.012
0 0.833 0.981 0.092 0.012
1 0.833 0.951 0.036 0.028
1 0.500 0.951 0.056 0.028
1 0.168 0.951 0.056 0.031
1 0.059 0.796 0.046 0.026
2 0.059 0.718 0.046 0.026
1 0.066 0.580 0.060 0.043
1 0.070 0.477 0.051 0.045
1 0.932 0.466 0.019 0.018
1 0.932 0.568 0.019 0.018
1 0.933 0.718 0.018 0.018
1 0.933 0.796 0.018 0.017
4 0.501 0.014 0.999 0.027
