0 0.310 0.152 0.174 0.022
0 0.642 0.314 0.242 0.015
0 0.687 0.388 0.335 0.098
0 0.643 0.561 0.242 0.015
0 0.724 0.617 0.410 0.062
0 0.501 0.761 0.279 0.025
2 0.740 0.861 0.443 0.125
2 0.262 0.861 0.443 0.125
2 0.271 0.602 0.461 0.208
2 0.270 0.372 0.460 0.209
0 0.501 0.229 0.275 0.020
0 0.097 0.152 0.128 0.020
0 0.099 0.075 0.119 0.034
0 0.101 0.980 0.089 0.014
0 0.301 0.979 0.136 0.015
0 0.499 0.979 0.104 0.016
0 0.699 0.979 0.054 0.014
0 0.900 0.979 0.064 0.015
1 0.897 0.950 0.056 0.030
1 0.700 0.951 0.050 0.030
1 0.501 0.951 0.050 0.028
1 0.301 0.950 0.050 0.026
1 0.101 0.951 0.050 0.028
4 0.501 0.017 0.999 0.033
