1 0.431 0.514 0.039 0.020
1 0.885 0.514 0.037 0.019
1 0.885 0.163 0.037 0.019
1 0.431 0.162 0.036 0.020
0 0.246 0.087 0.125 0.016
0 0.165 0.316 0.210 0.014
0 0.240 0.359 0.358 0.045
0 0.188 0.404 0.254 0.024
0 0.614 0.317 0.194 0.012
0 0.713 0.359 0.394 0.045
0 0.645 0.404 0.254 0.023
0 0.538 0.432 0.046 0.015
0 0.710 0.433 0.018 0.013
0 0.626 0.668 0.218 0.012
0 0.685 0.713 0.338 0.048
0 0.159 0.668 0.196 0.012
0 0.250 0.711 0.378 0.044
0 0.190 0.756 0.258 0.023
0 0.549 0.784 0.067 0.014
0 0.740 0.785 0.036 0.013
0 0.272 0.784 0.053 0.015
0 0.083 0.784 0.047 0.014
0 0.102 0.981 0.115 0.012
0 0.301 0.981 0.087 0.011
0 0.500 0.981 0.072 0.011
0 0.699 0.981 0.082 0.011
0 0.897 0.981 0.103 0.011
1 0.897 0.954 0.060 0.034
1 0.697 0.953 0.056 0.030
2 0.499 0.954 0.051 0.032
1 0.301 0.954 0.060 0.030
1 0.103 0.954 0.051 0.032
3 0.500 0.870 0.883 0.072
0 0.645 0.756 0.257 0.023
1 0.651 0.785 0.124 0.013
1 0.176 0.785 0.124 0.013
1 0.630 0.433 0.124 0.013
2 0.728 0.563 0.425 0.160
2 0.274 0.563 0.425 0.160
2 0.274 0.211 0.425 0.160
2 0.728 0.211 0.425 0.160
1 0.124 0.089 0.028 0.015
4 0.501 0.017 0.999 0.033
