0 0.102 0.492 0.062 0.023
0 0.103 0.450 0.076 0.016
0 0.633 0.781 0.601 0.059
1 0.101 0.967 0.050 0.028
1 0.301 0.967 0.051 0.028
1 0.501 0.967 0.051 0.024
1 0.701 0.967 0.040 0.029
1 0.899 0.968 0.013 0.023
1 0.942 0.787 0.050 0.025
0 0.625 0.882 0.581 0.073
0 0.642 0.695 0.622 0.073
2 0.162 0.886 0.243 0.099
2 0.161 0.718 0.244 0.137
0 0.547 0.562 0.764 0.056
0 0.512 0.479 0.692 0.070
1 0.737 0.398 0.118 0.066
1 0.869 0.398 0.118 0.066
0 0.287 0.087 0.497 0.033
2 0.500 0.268 0.922 0.259
4 0.501 0.017 0.999 0.033
