5 0.501 0.166 0.903 0.031
5 0.501 0.248 0.904 0.031
5 0.500 0.330 0.903 0.031
5 0.501 0.413 0.903 0.032
0 0.149 0.557 0.199 0.023
5 0.501 0.563 0.903 0.036
0 0.249 0.072 0.414 0.023
0 0.148 0.161 0.193 0.020
0 0.143 0.243 0.189 0.020
0 0.150 0.325 0.203 0.020
0 0.180 0.406 0.257 0.019
0 0.194 0.486 0.304 0.024
0 0.219 0.625 0.360 0.023
0 0.227 0.846 0.368 0.035
0 0.611 0.835 0.350 0.056
0 0.309 0.893 0.537 0.026
0 0.127 0.978 0.099 0.017
0 0.375 0.979 0.086 0.016
0 0.625 0.980 0.164 0.016
0 0.874 0.979 0.074 0.015
1 0.875 0.950 0.058 0.010
1 0.626 0.950 0.058 0.033
1 0.376 0.950 0.060 0.030
1 0.126 0.948 0.060 0.030
1 0.606 0.891 0.025 0.022
1 0.860 0.837 0.092 0.046
1 0.440 0.622 0.033 0.011
1 0.904 0.407 0.025 0.009
1 0.903 0.325 0.026 0.009
1 0.903 0.243 0.025 0.009
1 0.903 0.161 0.025 0.009
3 0.500 0.703 0.922 0.066
4 0.501 0.017 0.999 0.033
