4 0.501 0.017 0.999 0.033
2 0.161 0.977 0.244 0.047
2 0.161 0.835 0.244 0.137
2 0.161 0.648 0.244 0.138
2 0.161 0.462 0.244 0.138
2 0.161 0.275 0.244 0.138
1 0.067 0.071 0.040 0.018
3 0.134 0.143 0.190 0.045
3 0.394 0.143 0.256 0.045
0 0.345 0.072 0.340 0.026
3 0.718 0.143 0.314 0.045
1 0.942 0.072 0.042 0.026
3 0.956 0.142 0.087 0.045
0 0.613 0.227 0.561 0.023
1 0.942 0.343 0.051 0.026
0 0.548 0.275 0.432 0.020
0 0.578 0.312 0.489 0.016
0 0.535 0.416 0.401 0.030
0 0.529 0.461 0.392 0.020
0 0.477 0.501 0.290 0.020
1 0.942 0.530 0.051 0.025
0 0.642 0.622 0.617 0.067
1 0.941 0.717 0.051 0.025
0 0.644 0.691 0.628 0.020
0 0.546 0.731 0.425 0.020
0 0.620 0.812 0.579 0.073
0 0.644 0.878 0.621 0.020
0 0.485 0.918 0.303 0.020
1 0.942 0.903 0.051 0.025
0 0.622 0.977 0.583 0.030
