0 0.505 0.071 0.360 0.020
2 0.731 0.897 0.443 0.029
2 0.272 0.897 0.443 0.029
2 0.899 0.855 0.107 0.059
1 0.936 0.480 0.036 0.020
1 0.475 0.480 0.036 0.021
1 0.474 0.855 0.037 0.020
2 0.731 0.259 0.443 0.249
0 0.622 0.480 0.221 0.019
0 0.696 0.426 0.369 0.047
2 0.731 0.633 0.443 0.248
0 0.668 0.800 0.311 0.046
0 0.633 0.854 0.242 0.018
0 0.172 0.854 0.243 0.020
1 0.203 0.073 0.065 0.023
0 0.900 0.990 0.106 0.017
0 0.701 0.988 0.157 0.014
0 0.501 0.988 0.060 0.014
0 0.302 0.989 0.074 0.013
0 0.102 0.988 0.121 0.013
1 0.101 0.960 0.060 0.034
1 0.301 0.959 0.040 0.029
1 0.501 0.960 0.060 0.034
1 0.701 0.960 0.060 0.034
1 0.900 0.959 0.050 0.029
0 0.252 0.800 0.404 0.047
2 0.272 0.633 0.443 0.248
0 0.161 0.480 0.222 0.019
0 0.218 0.426 0.333 0.047
1 0.106 0.071 0.043 0.024
5 0.561 0.072 0.558 0.062
1 0.917 0.075 0.060 0.037
1 0.762 0.071 0.146 0.052
4 0.501 0.017 0.997 0.033
2 0.272 0.259 0.443 0.248
