0 0.270 0.075 0.329 0.022
0 0.255 0.171 0.429 0.031
0 0.290 0.224 0.501 0.020
0 0.147 0.294 0.210 0.020
0 0.251 0.364 0.415 0.020
0 0.226 0.455 0.374 0.028
0 0.458 0.509 0.829 0.024
0 0.173 0.583 0.260 0.025
0 0.301 0.658 0.524 0.020
0 0.196 0.805 0.314 0.025
0 0.239 0.873 0.400 0.020
0 0.901 0.979 0.129 0.015
0 0.701 0.980 0.056 0.013
0 0.499 0.980 0.058 0.013
0 0.301 0.982 0.068 0.017
0 0.102 0.980 0.079 0.013
0 0.172 0.748 0.260 0.020
1 0.832 0.071 0.047 0.024
1 0.922 0.072 0.046 0.023
1 0.076 0.071 0.036 0.020
1 0.940 0.225 0.046 0.017
1 0.940 0.295 0.046 0.017
1 0.940 0.366 0.046 0.017
1 0.938 0.507 0.046 0.018
1 0.940 0.805 0.046 0.017
1 0.938 0.874 0.046 0.017
1 0.899 0.948 0.060 0.032
1 0.699 0.951 0.060 0.030
1 0.501 0.951 0.054 0.030
2 0.300 0.951 0.061 0.034
1 0.101 0.951 0.046 0.026
5 0.399 0.072 0.740 0.055
4 0.501 0.014 0.999 0.027
