0 0.907 0.445 0.108 0.017
0 0.536 0.445 0.156 0.017
0 0.116 0.445 0.096 0.017
2 0.906 0.363 0.188 0.113
2 0.599 0.362 0.360 0.114
2 0.208 0.363 0.360 0.113
0 0.248 0.549 0.412 0.030
0 0.501 0.628 0.469 0.021
0 0.502 0.676 0.224 0.017
0 0.268 0.758 0.453 0.030
0 0.501 0.836 0.460 0.021
0 0.117 0.978 0.179 0.017
1 0.905 0.962 0.046 0.018
1 0.713 0.962 0.047 0.026
1 0.523 0.962 0.054 0.023
1 0.329 0.961 0.044 0.025
1 0.118 0.951 0.050 0.028
0 0.126 0.259 0.168 0.025
0 0.435 0.165 0.511 0.054
4 0.501 0.017 0.999 0.033
0 0.158 0.072 0.231 0.022
1 0.089 0.159 0.097 0.055
