0 0.633 0.790 0.588 0.087
0 0.560 0.902 0.329 0.017
1 0.462 0.861 0.243 0.023
1 0.359 0.899 0.037 0.022
0 0.822 0.862 0.232 0.016
0 0.837 0.964 0.201 0.021
3 0.448 0.957 0.218 0.045
1 0.463 0.605 0.242 0.022
0 0.585 0.534 0.486 0.086
0 0.823 0.606 0.229 0.015
0 0.843 0.667 0.189 0.020
3 0.449 0.659 0.217 0.045
0 0.515 0.347 0.240 0.018
1 0.462 0.306 0.243 0.023
1 0.359 0.345 0.037 0.021
0 0.819 0.307 0.236 0.015
0 0.911 0.389 0.056 0.015
0 0.842 0.411 0.190 0.020
3 0.449 0.402 0.217 0.045
0 0.576 0.254 0.471 0.055
1 0.113 0.769 0.057 0.030
2 0.178 0.859 0.279 0.260
1 0.113 0.512 0.056 0.028
2 0.178 0.582 0.279 0.220
1 0.113 0.248 0.057 0.030
3 0.146 0.395 0.164 0.028
2 0.179 0.322 0.278 0.227
0 0.292 0.167 0.510 0.036
1 0.940 0.071 0.056 0.027
1 0.062 0.071 0.053 0.026
4 0.501 0.017 0.999 0.033
