0 0.420 0.062 0.485 0.027
0 0.490 0.090 0.631 0.017
0 0.167 0.159 0.069 0.013
0 0.506 0.159 0.082 0.013
0 0.841 0.158 0.057 0.012
0 0.365 0.497 0.604 0.031
0 0.835 0.492 0.147 0.027
0 0.263 0.541 0.403 0.023
0 0.835 0.599 0.179 0.016
0 0.362 0.968 0.599 0.031
0 0.837 0.963 0.151 0.027
3 0.436 0.598 0.289 0.047
1 0.156 0.599 0.190 0.019
1 0.070 0.072 0.040 0.023
1 0.777 0.058 0.037 0.020
1 0.944 0.070 0.014 0.027
1 0.167 0.136 0.056 0.027
2 0.505 0.134 0.051 0.028
1 0.840 0.134 0.049 0.028
2 0.500 0.320 0.961 0.274
2 0.501 0.790 0.961 0.274
4 0.501 0.017 0.999 0.033
