0 0.318 0.076 0.281 0.025
0 0.256 0.412 0.153 0.017
0 0.746 0.414 0.083 0.021
0 0.257 0.733 0.100 0.017
0 0.746 0.732 0.186 0.018
0 0.873 0.980 0.215 0.021
1 0.866 0.948 0.046 0.026
1 0.651 0.961 0.051 0.029
1 0.466 0.959 0.046 0.027
1 0.280 0.962 0.051 0.026
1 0.094 0.961 0.050 0.024
1 0.940 0.071 0.051 0.029
1 0.825 0.072 0.044 0.025
1 0.069 0.071 0.050 0.029
2 0.256 0.253 0.472 0.266
2 0.746 0.253 0.472 0.266
2 0.256 0.574 0.472 0.265
2 0.746 0.574 0.472 0.265
2 0.256 0.842 0.472 0.159
2 0.746 0.842 0.472 0.160
4 0.501 0.017 0.999 0.033
