0 0.133 0.290 0.133 0.020
0 0.621 0.290 0.133 0.020
0 0.144 0.577 0.156 0.020
0 0.621 0.577 0.133 0.020
0 0.133 0.864 0.132 0.020
0 0.621 0.863 0.133 0.020
3 0.366 0.862 0.160 0.030
3 0.853 0.863 0.158 0.030
3 0.366 0.576 0.160 0.030
3 0.853 0.576 0.158 0.030
3 0.366 0.289 0.160 0.030
3 0.853 0.290 0.158 0.030
2 0.256 0.155 0.386 0.217
2 0.742 0.156 0.385 0.216
2 0.256 0.442 0.385 0.217
2 0.743 0.442 0.381 0.214
2 0.256 0.729 0.386 0.217
2 0.742 0.728 0.386 0.215
2 0.255 0.954 0.382 0.093
2 0.742 0.953 0.386 0.094
4 0.501 0.017 0.999 0.033
