0 0.490 0.550 0.461 0.029
0 0.473 0.482 0.424 0.027
0 0.414 0.411 0.306 0.022
0 0.475 0.344 0.431 0.022
4 0.501 0.017 0.999 0.033
1 0.061 0.066 0.047 0.020
0 0.294 0.134 0.104 0.025
0 0.706 0.133 0.131 0.024
1 0.920 0.066 0.054 0.030
3 0.501 0.214 0.579 0.045
0 0.501 0.283 0.536 0.018
3 0.499 0.624 0.579 0.055
1 0.212 0.344 0.051 0.028
1 0.212 0.411 0.046 0.018
1 0.208 0.480 0.036 0.025
1 0.212 0.547 0.043 0.027
5 0.528 0.345 0.564 0.046
5 0.528 0.418 0.561 0.035
5 0.528 0.486 0.560 0.035
5 0.528 0.553 0.561 0.036
