0 0.207 0.429 0.297 0.030
0 0.249 0.728 0.382 0.070
0 0.666 0.708 0.251 0.029
0 0.708 0.427 0.338 0.024
0 0.310 0.151 0.174 0.021
0 0.101 0.980 0.087 0.014
0 0.301 0.980 0.136 0.014
0 0.499 0.979 0.104 0.015
0 0.699 0.980 0.054 0.014
0 0.899 0.979 0.065 0.015
1 0.898 0.950 0.054 0.030
1 0.700 0.950 0.050 0.029
1 0.501 0.951 0.049 0.027
1 0.301 0.950 0.050 0.026
1 0.101 0.951 0.050 0.028
2 0.740 0.860 0.442 0.127
2 0.261 0.860 0.442 0.127
2 0.740 0.576 0.442 0.196
2 0.261 0.576 0.442 0.196
2 0.741 0.298 0.443 0.196
2 0.260 0.298 0.443 0.196
0 0.098 0.075 0.118 0.033
0 0.098 0.153 0.129 0.020
4 0.501 0.017 0.999 0.033
