0 0.293 0.431 0.153 0.012
0 0.814 0.431 0.247 0.012
0 0.812 0.481 0.376 0.061
0 0.294 0.480 0.353 0.061
0 0.254 0.668 0.397 0.041
0 0.895 0.673 0.110 0.012
2 0.814 0.837 0.167 0.145
2 0.292 0.837 0.176 0.152
2 0.292 0.323 0.214 0.099
2 0.815 0.322 0.226 0.086
0 0.895 0.157 0.113 0.013
0 0.267 0.148 0.422 0.031
0 0.149 0.071 0.190 0.023
0 0.877 0.978 0.104 0.016
0 0.627 0.978 0.132 0.016
0 0.376 0.977 0.093 0.017
0 0.127 0.978 0.104 0.016
1 0.126 0.949 0.042 0.024
1 0.376 0.948 0.049 0.026
2 0.625 0.948 0.056 0.020
1 0.875 0.949 0.058 0.033
4 0.501 0.017 0.999 0.032
