3 0.401 0.072 0.196 0.050
3 0.599 0.072 0.199 0.049
1 0.942 0.072 0.042 0.031
0 0.144 0.375 0.207 0.019
0 0.840 0.372 0.239 0.017
0 0.096 0.721 0.114 0.017
0 0.852 0.719 0.218 0.016
0 0.084 0.984 0.068 0.013
0 0.252 0.985 0.096 0.016
0 0.418 0.984 0.086 0.013
0 0.585 0.984 0.068 0.013
0 0.752 0.985 0.113 0.015
0 0.918 0.984 0.039 0.013
1 0.083 0.945 0.061 0.031
1 0.251 0.945 0.057 0.030
2 0.417 0.945 0.069 0.041
1 0.583 0.946 0.067 0.030
1 0.751 0.945 0.054 0.033
1 0.917 0.945 0.057 0.033
1 0.894 0.858 0.138 0.077
2 0.500 0.860 1.000 0.116
2 0.501 0.572 0.999 0.233
2 0.501 0.227 0.999 0.233
4 0.501 0.017 0.999 0.033
