0 0.501 0.074 0.249 0.036
0 0.501 0.227 0.131 0.014
0 0.835 0.227 0.161 0.016
0 0.237 0.307 0.237 0.023
0 0.194 0.398 0.156 0.023
0 0.222 0.484 0.217 0.020
0 0.200 0.548 0.167 0.022
0 0.685 0.548 0.133 0.015
0 0.224 0.579 0.210 0.021
0 0.713 0.577 0.165 0.020
0 0.098 0.781 0.124 0.016
0 0.131 0.818 0.183 0.017
0 0.169 0.853 0.264 0.016
0 0.094 0.889 0.113 0.016
0 0.070 0.926 0.060 0.020
0 0.130 0.962 0.182 0.019
1 0.728 0.873 0.043 0.024
1 0.821 0.872 0.042 0.024
1 0.917 0.873 0.044 0.020
2 0.568 0.573 0.050 0.030
1 0.943 0.573 0.017 0.008
1 0.068 0.574 0.042 0.024
1 0.061 0.484 0.036 0.023
2 0.061 0.395 0.042 0.020
2 0.062 0.307 0.043 0.021
2 0.247 0.143 0.053 0.028
2 0.752 0.143 0.065 0.027
1 0.920 0.070 0.054 0.022
3 0.166 0.225 0.224 0.036
3 0.500 0.679 0.922 0.076
4 0.501 0.017 0.999 0.033
