0 0.292 0.339 0.244 0.026
2 0.501 0.088 0.293 0.032
0 0.233 0.185 0.122 0.021
0 0.265 0.263 0.185 0.025
0 0.706 0.186 0.126 0.026
0 0.685 0.261 0.087 0.020
0 0.713 0.338 0.143 0.020
0 0.500 0.479 0.683 0.026
0 0.500 0.526 0.711 0.045
0 0.501 0.605 0.540 0.025
0 0.163 0.682 0.261 0.029
0 0.167 0.978 0.160 0.019
0 0.500 0.979 0.072 0.018
0 0.833 0.977 0.119 0.015
2 0.566 0.184 0.049 0.027
2 0.097 0.184 0.032 0.026
2 0.098 0.259 0.057 0.030
1 0.095 0.337 0.049 0.026
2 0.565 0.261 0.053 0.020
2 0.566 0.336 0.043 0.029
1 0.500 0.429 0.075 0.043
1 0.167 0.953 0.040 0.023
1 0.501 0.953 0.040 0.021
1 0.834 0.953 0.040 0.023
2 0.500 0.821 0.942 0.220
4 0.501 0.017 0.999 0.033
