0 0.236 0.151 0.136 0.023
0 0.498 0.184 0.660 0.024
0 0.243 0.236 0.150 0.024
0 0.315 0.270 0.296 0.023
0 0.249 0.333 0.136 0.023
0 0.294 0.367 0.226 0.020
0 0.703 0.331 0.093 0.020
0 0.742 0.367 0.161 0.019
0 0.703 0.438 0.093 0.020
0 0.741 0.474 0.163 0.019
0 0.256 0.439 0.150 0.024
0 0.294 0.474 0.226 0.019
0 0.310 0.071 0.265 0.026
1 0.945 0.071 0.013 0.023
1 0.069 0.072 0.042 0.023
1 0.088 0.167 0.060 0.045
1 0.089 0.253 0.061 0.045
1 0.089 0.348 0.081 0.045
1 0.089 0.455 0.081 0.045
1 0.567 0.456 0.085 0.048
1 0.567 0.349 0.085 0.048
3 0.501 0.946 0.944 0.079
4 0.501 0.017 0.999 0.033
