0 0.372 0.074 0.237 0.025
1 0.419 0.716 0.064 0.031
1 0.909 0.905 0.062 0.031
2 0.069 0.071 0.087 0.050
1 0.942 0.072 0.051 0.025
2 0.124 0.196 0.138 0.077
2 0.358 0.196 0.138 0.077
1 0.591 0.196 0.138 0.077
2 0.824 0.196 0.138 0.077
1 0.126 0.950 0.051 0.029
1 0.391 0.946 0.071 0.037
1 0.626 0.952 0.051 0.026
1 0.874 0.951 0.051 0.029
0 0.876 0.981 0.113 0.019
0 0.624 0.979 0.068 0.015
0 0.375 0.979 0.183 0.016
0 0.126 0.979 0.106 0.015
0 0.128 0.352 0.182 0.025
0 0.890 0.350 0.064 0.018
0 0.825 0.281 0.128 0.030
0 0.592 0.280 0.167 0.013
0 0.358 0.280 0.068 0.013
0 0.126 0.280 0.129 0.012
3 0.126 0.143 0.104 0.029
1 0.200 0.072 0.050 0.028
1 0.956 0.350 0.022 0.019
5 0.506 0.071 0.718 0.055
3 0.501 0.840 0.524 0.072
2 0.256 0.575 0.458 0.355
2 0.256 0.848 0.457 0.151
2 0.746 0.661 0.458 0.527
4 0.501 0.017 0.999 0.033
