0 0.743 0.574 0.094 0.020
0 0.243 0.574 0.094 0.020
0 0.151 0.143 0.239 0.017
3 0.750 0.654 0.483 0.087
3 0.251 0.654 0.483 0.087
1 0.894 0.940 0.138 0.077
2 0.737 0.843 0.368 0.210
2 0.247 0.855 0.364 0.206
0 0.244 0.502 0.388 0.045
0 0.118 0.571 0.136 0.027
0 0.618 0.571 0.136 0.027
0 0.729 0.502 0.358 0.048
2 0.738 0.319 0.372 0.210
2 0.255 0.326 0.379 0.214
0 0.440 0.143 0.222 0.018
1 0.923 0.065 0.082 0.045
1 0.807 0.071 0.058 0.034
1 0.069 0.070 0.049 0.020
2 0.249 0.071 0.225 0.048
4 0.501 0.017 0.999 0.033
