0 0.293 0.089 0.242 0.020
0 0.128 0.677 0.135 0.012
0 0.198 0.706 0.274 0.018
0 0.190 0.737 0.254 0.023
0 0.263 0.766 0.036 0.014
1 0.174 0.766 0.124 0.013
0 0.084 0.765 0.046 0.015
0 0.103 0.981 0.117 0.012
0 0.301 0.981 0.087 0.012
0 0.499 0.981 0.071 0.012
0 0.699 0.981 0.082 0.012
0 0.897 0.981 0.103 0.012
1 0.895 0.954 0.060 0.034
1 0.698 0.953 0.057 0.030
1 0.500 0.954 0.053 0.032
1 0.301 0.954 0.060 0.030
1 0.103 0.953 0.050 0.031
3 0.501 0.879 0.883 0.072
1 0.649 0.793 0.124 0.014
0 0.548 0.793 0.065 0.015
0 0.735 0.793 0.029 0.015
0 0.645 0.764 0.257 0.023
0 0.586 0.677 0.142 0.011
0 0.717 0.719 0.403 0.045
1 0.651 0.442 0.124 0.014
0 0.549 0.442 0.067 0.015
0 0.749 0.441 0.054 0.014
0 0.646 0.412 0.258 0.023
0 0.613 0.325 0.196 0.012
0 0.723 0.370 0.412 0.049
1 0.194 0.442 0.124 0.013
0 0.094 0.441 0.065 0.014
0 0.293 0.442 0.058 0.015
0 0.190 0.413 0.256 0.023
0 0.141 0.326 0.160 0.012
0 0.247 0.370 0.371 0.048
1 0.431 0.522 0.036 0.019
2 0.274 0.571 0.425 0.159
1 0.886 0.522 0.036 0.019
2 0.728 0.571 0.425 0.159
1 0.885 0.171 0.039 0.020
2 0.728 0.220 0.425 0.160
1 0.431 0.170 0.036 0.017
2 0.274 0.220 0.425 0.160
1 0.125 0.091 0.028 0.015
5 0.501 0.090 0.869 0.066
4 0.501 0.014 0.999 0.026
