0 0.507 0.869 0.350 0.016
0 0.427 0.683 0.188 0.016
0 0.506 0.542 0.344 0.020
0 0.507 0.310 0.350 0.016
0 0.610 0.433 0.558 0.067
0 0.548 0.597 0.432 0.024
0 0.520 0.787 0.371 0.030
0 0.553 0.224 0.438 0.023
0 0.347 0.073 0.340 0.027
0 0.613 0.970 0.561 0.023
2 0.162 0.975 0.243 0.051
1 0.941 0.900 0.051 0.026
0 0.547 0.831 0.429 0.021
2 0.162 0.832 0.243 0.136
1 0.942 0.714 0.051 0.025
0 0.560 0.645 0.456 0.020
2 0.161 0.645 0.244 0.138
1 0.942 0.527 0.051 0.025
0 0.546 0.502 0.425 0.020
2 0.162 0.459 0.243 0.138
1 0.942 0.341 0.051 0.025
0 0.536 0.271 0.408 0.020
2 0.162 0.271 0.243 0.137
1 0.069 0.072 0.040 0.017
1 0.942 0.071 0.042 0.026
3 0.956 0.142 0.087 0.044
3 0.717 0.143 0.315 0.045
3 0.395 0.143 0.254 0.045
3 0.134 0.143 0.190 0.045
4 0.501 0.017 0.999 0.033
