3 0.501 0.174 0.468 0.048
0 0.502 0.066 0.240 0.025
0 0.502 0.122 0.160 0.023
0 0.328 0.259 0.428 0.025
0 0.245 0.330 0.263 0.024
0 0.211 0.400 0.194 0.025
0 0.222 0.470 0.215 0.025
0 0.226 0.541 0.224 0.024
0 0.352 0.611 0.493 0.025
0 0.235 0.681 0.243 0.025
0 0.233 0.752 0.237 0.025
0 0.267 0.839 0.306 0.026
0 0.297 0.910 0.367 0.024
0 0.101 0.987 0.072 0.013
0 0.299 0.989 0.126 0.015
0 0.500 0.986 0.064 0.013
0 0.700 0.987 0.075 0.013
0 0.900 0.987 0.100 0.013
1 0.899 0.957 0.042 0.027
2 0.699 0.956 0.046 0.027
1 0.500 0.956 0.047 0.027
1 0.300 0.956 0.044 0.025
1 0.100 0.956 0.047 0.027
1 0.065 0.908 0.046 0.022
1 0.065 0.836 0.046 0.021
1 0.066 0.748 0.046 0.023
1 0.065 0.678 0.044 0.022
1 0.060 0.608 0.037 0.028
1 0.065 0.537 0.042 0.023
2 0.065 0.468 0.040 0.026
1 0.065 0.397 0.037 0.023
1 0.065 0.327 0.040 0.020
2 0.065 0.258 0.037 0.025
1 0.051 0.064 0.047 0.018
1 0.878 0.064 0.044 0.024
1 0.951 0.065 0.056 0.022
1 0.966 0.256 0.021 0.020
1 0.966 0.326 0.021 0.020
1 0.966 0.397 0.021 0.019
1 0.966 0.467 0.021 0.020
1 0.965 0.537 0.019 0.020
1 0.966 0.607 0.021 0.020
1 0.966 0.678 0.021 0.020
1 0.966 0.748 0.021 0.019
1 0.966 0.836 0.021 0.019
1 0.967 0.906 0.019 0.020
4 0.501 0.014 0.999 0.027
