0 0.264 0.074 0.447 0.032
1 0.942 0.072 0.036 0.020
3 0.501 0.164 0.594 0.057
3 0.501 0.234 0.601 0.055
0 0.502 0.306 0.051 0.017
0 0.742 0.384 0.165 0.017
0 0.241 0.384 0.126 0.017
5 0.501 0.475 0.924 0.038
0 0.156 0.473 0.226 0.020
5 0.501 0.534 0.922 0.029
0 0.154 0.529 0.222 0.020
5 0.501 0.589 0.924 0.030
0 0.187 0.584 0.290 0.020
5 0.501 0.645 0.924 0.030
0 0.145 0.640 0.204 0.020
5 0.501 0.700 0.922 0.030
0 0.278 0.695 0.471 0.020
7 0.359 0.773 0.604 0.027
0 0.401 0.776 0.521 0.022
0 0.349 0.833 0.618 0.023
1 0.053 0.859 0.026 0.015
0 0.299 0.865 0.446 0.020
2 0.718 0.873 0.053 0.022
0 0.845 0.875 0.179 0.020
3 0.501 0.945 0.944 0.079
4 0.501 0.017 0.999 0.033
