0 0.205 0.072 0.365 0.025
0 0.502 0.250 0.329 0.021
0 0.503 0.527 0.686 0.022
0 0.503 0.803 0.378 0.022
0 0.085 0.983 0.067 0.013
0 0.252 0.985 0.096 0.016
0 0.419 0.983 0.087 0.013
0 0.585 0.984 0.069 0.013
0 0.751 0.985 0.114 0.015
0 0.917 0.984 0.037 0.013
1 0.917 0.945 0.057 0.033
1 0.751 0.945 0.054 0.033
1 0.583 0.946 0.068 0.030
2 0.417 0.945 0.068 0.041
1 0.250 0.945 0.058 0.030
1 0.085 0.945 0.064 0.030
1 0.892 0.857 0.138 0.077
1 0.941 0.071 0.060 0.034
2 0.501 0.250 0.999 0.273
2 0.501 0.526 0.999 0.273
2 0.501 0.792 0.999 0.252
4 0.501 0.017 0.999 0.033
