0 0.549 0.107 0.307 0.034
0 0.233 0.184 0.122 0.020
0 0.706 0.187 0.128 0.025
0 0.263 0.263 0.188 0.053
0 0.685 0.262 0.087 0.020
0 0.713 0.338 0.143 0.020
0 0.292 0.340 0.244 0.025
0 0.163 0.419 0.261 0.028
0 0.395 0.721 0.588 0.084
0 0.404 0.787 0.611 0.019
0 0.166 0.978 0.160 0.019
0 0.500 0.979 0.072 0.018
0 0.833 0.977 0.119 0.014
1 0.834 0.954 0.040 0.023
1 0.501 0.954 0.040 0.021
1 0.167 0.954 0.040 0.023
2 0.565 0.336 0.042 0.029
1 0.096 0.338 0.047 0.027
2 0.099 0.259 0.056 0.027
2 0.566 0.261 0.051 0.016
2 0.566 0.184 0.049 0.027
2 0.097 0.184 0.049 0.016
2 0.347 0.082 0.096 0.054
2 0.500 0.639 0.942 0.383
2 0.500 0.889 0.942 0.084
4 0.501 0.017 0.999 0.033
