2 0.098 0.271 0.065 0.035
0 0.240 0.184 0.357 0.028
0 0.377 0.271 0.424 0.018
0 0.271 0.356 0.211 0.022
0 0.383 0.440 0.435 0.022
0 0.392 0.523 0.451 0.022
0 0.262 0.607 0.190 0.021
0 0.231 0.691 0.129 0.021
0 0.415 0.774 0.494 0.022
0 0.355 0.858 0.376 0.021
0 0.126 0.985 0.079 0.013
0 0.377 0.985 0.174 0.013
0 0.626 0.986 0.108 0.016
0 0.876 0.985 0.144 0.013
1 0.875 0.955 0.056 0.031
1 0.625 0.956 0.056 0.026
1 0.376 0.956 0.057 0.029
1 0.126 0.955 0.056 0.031
2 0.099 0.855 0.057 0.035
2 0.099 0.772 0.079 0.041
2 0.098 0.689 0.087 0.037
2 0.099 0.604 0.067 0.032
2 0.099 0.522 0.061 0.037
2 0.098 0.438 0.062 0.035
2 0.099 0.355 0.053 0.037
1 0.109 0.096 0.046 0.026
0 0.472 0.098 0.592 0.024
5 0.501 0.096 0.924 0.078
4 0.501 0.017 0.999 0.033
