0 0.165 0.416 0.178 0.018
0 0.128 0.307 0.110 0.018
0 0.124 0.197 0.100 0.018
3 0.501 0.877 0.901 0.051
0 0.415 0.752 0.749 0.096
0 0.160 0.670 0.240 0.020
0 0.176 0.618 0.269 0.024
0 0.368 0.574 0.653 0.047
0 0.178 0.520 0.274 0.025
0 0.372 0.468 0.662 0.017
0 0.876 0.416 0.093 0.017
0 0.138 0.367 0.189 0.020
0 0.099 0.258 0.113 0.020
0 0.094 0.148 0.104 0.020
1 0.070 0.072 0.040 0.022
0 0.229 0.073 0.181 0.019
5 0.501 0.307 0.924 0.066
5 0.500 0.197 0.922 0.066
5 0.500 0.416 0.922 0.066
4 0.501 0.017 0.999 0.033
