0 0.212 0.077 0.165 0.017
0 0.924 0.906 0.089 0.024
0 0.924 0.509 0.089 0.025
0 0.885 0.940 0.168 0.019
0 0.888 0.544 0.165 0.019
0 0.808 0.976 0.326 0.025
0 0.298 0.959 0.529 0.055
0 0.193 0.909 0.319 0.023
2 0.501 0.753 0.999 0.254
0 0.796 0.579 0.347 0.025
0 0.298 0.562 0.529 0.054
0 0.169 0.512 0.271 0.025
2 0.501 0.358 0.999 0.248
0 0.192 0.208 0.332 0.021
1 0.938 0.077 0.056 0.029
3 0.902 0.150 0.151 0.055
3 0.652 0.150 0.301 0.055
3 0.252 0.150 0.451 0.055
1 0.074 0.077 0.036 0.020
5 0.435 0.076 0.818 0.057
4 0.501 0.017 0.999 0.033
