0 0.734 0.763 0.390 0.030
0 0.253 0.783 0.386 0.070
0 0.253 0.482 0.386 0.024
0 0.694 0.485 0.307 0.030
0 0.310 0.151 0.174 0.022
0 0.501 0.218 0.279 0.024
0 0.101 0.979 0.089 0.015
0 0.302 0.979 0.138 0.015
0 0.499 0.979 0.104 0.015
0 0.699 0.979 0.054 0.015
0 0.900 0.979 0.064 0.015
1 0.898 0.950 0.054 0.030
1 0.701 0.950 0.051 0.030
1 0.500 0.951 0.050 0.028
1 0.301 0.950 0.051 0.026
1 0.101 0.951 0.050 0.028
2 0.740 0.887 0.444 0.073
2 0.261 0.887 0.442 0.073
2 0.740 0.632 0.440 0.196
2 0.261 0.631 0.442 0.196
2 0.740 0.353 0.442 0.196
2 0.260 0.353 0.443 0.195
0 0.098 0.075 0.118 0.032
0 0.097 0.152 0.129 0.020
4 0.501 0.017 0.999 0.033
