0 0.387 0.167 0.487 0.025
0 0.237 0.073 0.119 0.019
0 0.228 0.260 0.401 0.027
0 0.904 0.260 0.139 0.017
0 0.156 0.497 0.208 0.022
0 0.572 0.497 0.261 0.022
0 0.915 0.497 0.169 0.047
0 0.288 0.576 0.504 0.023
0 0.087 0.800 0.118 0.019
0 0.876 0.800 0.118 0.020
0 0.908 0.856 0.183 0.053
0 0.407 0.841 0.753 0.023
0 0.199 0.946 0.339 0.029
1 0.069 0.072 0.047 0.019
1 0.942 0.072 0.046 0.026
1 0.087 0.166 0.043 0.024
2 0.209 0.370 0.365 0.155
2 0.599 0.370 0.367 0.154
2 0.903 0.370 0.194 0.155
2 0.406 0.683 0.756 0.159
2 0.907 0.683 0.183 0.159
2 0.208 0.986 0.367 0.028
2 0.599 0.986 0.367 0.029
2 0.903 0.986 0.194 0.028
5 0.501 0.166 0.951 0.070
4 0.501 0.017 0.999 0.033
