0 0.924 0.071 0.114 0.016
0 0.629 0.146 0.147 0.023
0 0.715 0.197 0.392 0.042
0 0.853 0.275 0.164 0.018
0 0.629 0.353 0.147 0.023
0 0.726 0.405 0.414 0.046
0 0.853 0.482 0.167 0.018
0 0.619 0.559 0.104 0.023
0 0.705 0.611 0.368 0.047
0 0.845 0.689 0.185 0.021
0 0.630 0.765 0.146 0.023
0 0.701 0.814 0.364 0.043
0 0.854 0.895 0.164 0.021
0 0.630 0.971 0.146 0.023
2 0.254 0.972 0.456 0.056
2 0.253 0.834 0.457 0.193
2 0.254 0.628 0.456 0.193
2 0.253 0.421 0.457 0.193
2 0.254 0.216 0.456 0.192
1 0.069 0.071 0.040 0.023
1 0.787 0.071 0.044 0.025
1 0.912 0.146 0.050 0.026
1 0.533 0.146 0.026 0.014
1 0.533 0.352 0.025 0.013
1 0.912 0.352 0.050 0.026
1 0.538 0.558 0.029 0.016
1 0.912 0.558 0.050 0.026
1 0.910 0.764 0.051 0.024
1 0.533 0.764 0.026 0.014
1 0.912 0.971 0.050 0.026
1 0.533 0.970 0.026 0.014
4 0.501 0.017 0.999 0.033
