0 0.176 0.623 0.250 0.014
0 0.470 0.657 0.237 0.020
0 0.348 0.783 0.593 0.020
0 0.219 0.742 0.335 0.018
0 0.542 0.702 0.294 0.020
0 0.210 0.698 0.318 0.024
0 0.133 0.655 0.167 0.017
3 0.501 0.948 0.903 0.075
3 0.500 0.859 0.903 0.075
0 0.551 0.623 0.403 0.017
0 0.384 0.568 0.665 0.044
0 0.164 0.516 0.222 0.021
6 0.500 0.466 0.433 0.013
1 0.069 0.071 0.039 0.021
1 0.952 0.071 0.013 0.023
1 0.858 0.073 0.043 0.025
1 0.735 0.071 0.053 0.030
1 0.618 0.072 0.058 0.033
1 0.501 0.071 0.044 0.025
2 0.502 0.259 0.318 0.298
4 0.501 0.014 0.999 0.026
