0 0.312 0.078 0.308 0.019
0 0.168 0.155 0.086 0.019
0 0.502 0.157 0.243 0.024
0 0.833 0.155 0.119 0.020
0 0.817 0.397 0.263 0.017
0 0.183 0.397 0.275 0.018
0 0.501 0.760 0.201 0.016
1 0.098 0.077 0.046 0.026
1 0.101 0.962 0.056 0.029
1 0.301 0.963 0.061 0.027
1 0.500 0.963 0.056 0.032
1 0.713 0.957 0.075 0.039
1 0.901 0.961 0.046 0.029
0 0.500 0.820 0.719 0.078
0 0.500 0.409 0.258 0.043
2 0.184 0.285 0.290 0.163
2 0.499 0.286 0.290 0.163
2 0.817 0.285 0.292 0.164
2 0.501 0.596 0.999 0.277
2 0.501 0.908 0.999 0.031
5 0.501 0.077 0.922 0.066
4 0.501 0.014 0.999 0.027
