0 0.581 0.075 0.124 0.022
1 0.102 0.961 0.046 0.023
1 0.299 0.961 0.043 0.024
1 0.501 0.962 0.051 0.025
1 0.699 0.961 0.050 0.029
1 0.901 0.962 0.051 0.028
0 0.628 0.903 0.215 0.020
0 0.150 0.858 0.219 0.019
0 0.149 0.829 0.219 0.018
0 0.662 0.877 0.283 0.022
2 0.741 0.681 0.443 0.326
2 0.261 0.620 0.442 0.355
0 0.184 0.389 0.287 0.019
0 0.243 0.362 0.403 0.022
0 0.655 0.464 0.268 0.019
0 0.637 0.436 0.236 0.017
2 0.740 0.280 0.442 0.248
0 0.605 0.102 0.171 0.020
2 0.260 0.181 0.443 0.297
4 0.501 0.014 0.999 0.027
