1 0.359 0.567 0.037 0.022
0 0.836 0.895 0.200 0.021
1 0.360 0.830 0.036 0.020
0 0.514 0.832 0.239 0.017
0 0.514 0.271 0.239 0.018
1 0.359 0.270 0.037 0.022
1 0.114 0.991 0.053 0.017
0 0.590 0.986 0.494 0.022
0 0.601 0.740 0.521 0.055
2 0.178 0.979 0.276 0.043
0 0.835 0.529 0.201 0.014
0 0.824 0.792 0.226 0.014
3 0.449 0.886 0.217 0.045
1 0.463 0.791 0.242 0.022
0 0.607 0.460 0.528 0.091
2 0.180 0.807 0.276 0.225
1 0.112 0.733 0.054 0.029
0 0.515 0.569 0.239 0.018
0 0.844 0.632 0.188 0.021
3 0.449 0.624 0.217 0.045
1 0.462 0.529 0.243 0.023
2 0.179 0.527 0.278 0.260
1 0.113 0.437 0.054 0.028
0 0.827 0.232 0.221 0.015
0 0.843 0.335 0.186 0.020
3 0.449 0.326 0.217 0.045
1 0.462 0.230 0.240 0.022
0 0.556 0.180 0.428 0.056
2 0.179 0.246 0.278 0.226
1 0.112 0.173 0.054 0.028
1 0.062 0.071 0.053 0.026
1 0.941 0.071 0.057 0.027
4 0.501 0.017 0.999 0.033
