1 0.926 0.853 0.149 0.020
1 0.547 0.887 0.215 0.020
1 0.133 0.854 0.214 0.020
0 0.199 0.902 0.350 0.047
0 0.629 0.921 0.378 0.018
0 0.926 0.902 0.147 0.047
0 0.927 0.820 0.146 0.022
0 0.566 0.838 0.251 0.056
0 0.158 0.820 0.265 0.022
1 0.819 0.489 0.215 0.020
0 0.922 0.627 0.110 0.016
0 0.529 0.489 0.228 0.014
0 0.849 0.432 0.274 0.021
0 0.801 0.540 0.178 0.023
3 0.820 0.366 0.165 0.028
0 0.228 0.625 0.399 0.030
0 0.782 0.517 0.144 0.016
0 0.130 0.520 0.201 0.023
1 0.134 0.490 0.215 0.020
0 0.215 0.432 0.375 0.022
0 0.920 0.152 0.110 0.016
0 0.203 0.150 0.357 0.030
0 0.101 0.993 0.086 0.015
0 0.303 0.992 0.094 0.012
0 0.502 0.993 0.107 0.015
0 0.702 0.993 0.110 0.015
0 0.901 0.992 0.075 0.012
1 0.901 0.961 0.053 0.030
1 0.701 0.961 0.075 0.032
1 0.502 0.960 0.060 0.033
1 0.301 0.960 0.065 0.034
1 0.101 0.960 0.064 0.036
1 0.941 0.069 0.051 0.030
1 0.815 0.070 0.069 0.030
1 0.062 0.071 0.056 0.026
0 0.160 0.071 0.133 0.022
2 0.855 0.296 0.290 0.212
2 0.632 0.731 0.389 0.130
2 0.220 0.731 0.390 0.130
2 0.926 0.730 0.149 0.130
2 0.353 0.296 0.657 0.212
4 0.501 0.017 0.999 0.033
