4 0.501 0.017 0.999 0.033
0 0.098 0.075 0.118 0.033
0 0.097 0.152 0.131 0.020
0 0.310 0.152 0.175 0.022
0 0.501 0.255 0.393 0.020
2 0.262 0.393 0.443 0.197
2 0.741 0.393 0.443 0.197
0 0.244 0.542 0.369 0.064
0 0.700 0.541 0.322 0.064
2 0.261 0.711 0.442 0.196
2 0.742 0.711 0.442 0.196
0 0.704 0.863 0.333 0.070
0 0.250 0.843 0.383 0.030
1 0.101 0.951 0.051 0.028
1 0.301 0.950 0.051 0.026
0 0.101 0.979 0.089 0.015
0 0.301 0.979 0.138 0.015
1 0.499 0.950 0.051 0.029
0 0.499 0.979 0.104 0.016
1 0.701 0.950 0.051 0.030
0 0.699 0.979 0.054 0.015
1 0.897 0.950 0.056 0.030
0 0.900 0.979 0.064 0.015
