0 0.318 0.075 0.400 0.025
0 0.500 0.875 0.236 0.024
0 0.500 0.155 0.456 0.024
3 0.572 0.973 0.065 0.028
1 0.912 0.978 0.053 0.027
2 0.741 0.974 0.443 0.052
1 0.433 0.977 0.054 0.028
3 0.092 0.974 0.067 0.029
2 0.260 0.974 0.443 0.052
4 0.501 0.017 0.999 0.033
0 0.501 0.914 0.497 0.024
2 0.078 0.436 0.118 0.066
2 0.079 0.524 0.117 0.066
2 0.078 0.611 0.118 0.066
2 0.079 0.699 0.117 0.066
2 0.078 0.786 0.118 0.066
0 0.387 0.790 0.418 0.025
0 0.334 0.702 0.310 0.025
0 0.283 0.613 0.214 0.020
0 0.331 0.527 0.308 0.025
0 0.367 0.440 0.379 0.024
0 0.350 0.353 0.347 0.024
2 0.078 0.349 0.118 0.066
0 0.201 0.263 0.049 0.020
2 0.078 0.261 0.118 0.066
0 0.501 0.195 0.411 0.024
1 0.067 0.072 0.049 0.027
1 0.932 0.072 0.036 0.027
5 0.501 0.072 0.960 0.055
