4 0.501 0.017 0.999 0.033
1 0.070 0.071 0.032 0.018
1 0.110 0.154 0.061 0.034
0 0.338 0.154 0.124 0.016
0 0.517 0.073 0.206 0.037
2 0.394 0.068 0.022 0.030
1 0.110 0.241 0.036 0.028
0 0.417 0.243 0.278 0.022
1 0.109 0.329 0.049 0.031
0 0.474 0.330 0.390 0.021
2 0.104 0.416 0.047 0.030
2 0.110 0.504 0.028 0.037
2 0.110 0.591 0.028 0.037
0 0.442 0.418 0.331 0.020
0 0.472 0.504 0.393 0.017
0 0.388 0.593 0.217 0.021
0 0.481 0.680 0.404 0.020
2 0.109 0.679 0.049 0.029
2 0.090 0.962 0.060 0.034
1 0.443 0.962 0.028 0.009
0 0.215 0.965 0.149 0.023
1 0.922 0.962 0.026 0.009
0 0.717 0.964 0.194 0.019
1 0.569 0.962 0.060 0.034
