0 0.222 0.073 0.150 0.020
1 0.550 0.071 0.039 0.029
1 0.903 0.072 0.025 0.008
1 0.092 0.072 0.051 0.027
1 0.101 0.951 0.056 0.028
1 0.301 0.950 0.057 0.029
1 0.501 0.951 0.056 0.031
1 0.700 0.950 0.047 0.030
1 0.900 0.950 0.056 0.027
0 0.101 0.980 0.078 0.013
0 0.301 0.980 0.124 0.014
0 0.500 0.980 0.092 0.014
0 0.700 0.980 0.111 0.013
0 0.901 0.980 0.060 0.013
0 0.149 0.144 0.094 0.016
0 0.324 0.144 0.092 0.016
0 0.502 0.144 0.099 0.016
0 0.764 0.144 0.267 0.016
2 0.500 0.239 0.483 0.087
0 0.501 0.341 0.896 0.075
0 0.756 0.073 0.131 0.016
3 0.287 0.434 0.188 0.066
3 0.501 0.434 0.188 0.066
3 0.715 0.434 0.188 0.066
2 0.501 0.709 0.910 0.430
5 0.501 0.072 0.921 0.055
4 0.501 0.017 0.999 0.033
