0 0.319 0.075 0.400 0.024
2 0.080 0.159 0.118 0.066
2 0.078 0.246 0.118 0.066
2 0.079 0.334 0.117 0.066
2 0.078 0.421 0.118 0.066
2 0.078 0.509 0.118 0.066
2 0.080 0.596 0.118 0.066
2 0.078 0.684 0.118 0.066
2 0.079 0.771 0.117 0.066
2 0.078 0.858 0.118 0.066
2 0.079 0.946 0.117 0.066
0 0.299 0.951 0.244 0.023
0 0.301 0.863 0.247 0.025
0 0.302 0.775 0.246 0.025
0 0.344 0.688 0.333 0.023
0 0.404 0.600 0.453 0.025
0 0.349 0.513 0.344 0.023
0 0.356 0.425 0.353 0.025
0 0.286 0.338 0.214 0.025
0 0.463 0.251 0.571 0.025
0 0.401 0.163 0.450 0.025
1 0.068 0.072 0.047 0.027
1 0.932 0.073 0.036 0.027
5 0.501 0.072 0.960 0.055
4 0.501 0.017 0.999 0.033
