4 0.501 0.014 0.999 0.026
0 0.308 0.074 0.319 0.030
1 0.068 0.071 0.042 0.023
1 0.942 0.071 0.046 0.029
2 0.251 0.202 0.461 0.183
0 0.138 0.324 0.229 0.018
0 0.138 0.353 0.233 0.018
2 0.252 0.498 0.460 0.184
0 0.191 0.623 0.343 0.022
0 0.103 0.649 0.164 0.019
2 0.251 0.813 0.461 0.220
0 0.612 0.136 0.182 0.018
0 0.627 0.166 0.212 0.019
2 0.751 0.318 0.463 0.198
0 0.729 0.450 0.422 0.022
0 0.603 0.476 0.164 0.020
2 0.750 0.661 0.461 0.260
0 0.733 0.823 0.429 0.023
0 0.605 0.850 0.171 0.019
1 0.101 0.961 0.047 0.023
1 0.299 0.961 0.043 0.024
1 0.500 0.962 0.050 0.025
1 0.699 0.961 0.050 0.029
1 0.899 0.962 0.051 0.028
