0 0.222 0.073 0.151 0.022
0 0.695 0.802 0.035 0.033
0 0.823 0.578 0.062 0.015
0 0.822 0.548 0.064 0.030
0 0.317 0.333 0.064 0.015
0 0.315 0.303 0.064 0.030
0 0.756 0.073 0.131 0.016
0 0.138 0.144 0.193 0.016
0 0.390 0.144 0.150 0.016
0 0.678 0.144 0.264 0.016
0 0.942 0.144 0.104 0.016
0 0.237 0.218 0.203 0.046
0 0.228 0.267 0.079 0.013
0 0.201 0.315 0.154 0.056
0 0.237 0.378 0.171 0.013
0 0.744 0.483 0.340 0.018
0 0.735 0.512 0.078 0.013
0 0.708 0.560 0.153 0.055
0 0.742 0.621 0.179 0.013
0 0.767 0.744 0.307 0.016
0 0.760 0.771 0.068 0.012
0 0.761 0.812 0.067 0.050
0 0.767 0.870 0.161 0.013
0 0.900 0.980 0.061 0.013
0 0.101 0.980 0.078 0.013
0 0.301 0.980 0.124 0.013
0 0.500 0.980 0.092 0.014
0 0.701 0.980 0.110 0.013
1 0.101 0.951 0.056 0.029
1 0.301 0.950 0.057 0.029
1 0.501 0.950 0.056 0.030
1 0.701 0.950 0.049 0.030
1 0.901 0.951 0.057 0.027
1 0.903 0.072 0.026 0.008
1 0.549 0.071 0.040 0.030
1 0.092 0.072 0.051 0.029
5 0.500 0.071 0.922 0.055
2 0.722 0.293 0.557 0.234
2 0.257 0.544 0.511 0.270
2 0.283 0.801 0.562 0.245
4 0.501 0.017 0.999 0.033
