0 0.925 0.476 0.150 0.073
0 0.922 0.362 0.142 0.051
1 0.926 0.414 0.149 0.020
0 0.142 0.805 0.229 0.055
0 0.628 0.802 0.378 0.051
1 0.546 0.414 0.214 0.020
2 0.632 0.257 0.389 0.130
0 0.920 0.786 0.132 0.016
2 0.633 0.697 0.390 0.130
2 0.926 0.698 0.149 0.130
2 0.221 0.697 0.389 0.130
0 0.617 0.476 0.360 0.073
2 0.926 0.257 0.149 0.130
0 0.278 0.592 0.494 0.030
0 0.615 0.364 0.347 0.055
0 0.214 0.443 0.378 0.076
1 0.133 0.379 0.214 0.020
0 0.192 0.345 0.326 0.016
0 0.921 0.153 0.108 0.015
0 0.248 0.148 0.435 0.024
2 0.221 0.257 0.389 0.130
0 0.101 0.993 0.086 0.014
0 0.302 0.991 0.093 0.011
0 0.502 0.993 0.107 0.014
0 0.701 0.993 0.108 0.014
0 0.903 0.992 0.075 0.012
1 0.902 0.960 0.051 0.030
1 0.701 0.961 0.074 0.031
1 0.502 0.960 0.060 0.033
1 0.301 0.961 0.065 0.034
1 0.101 0.960 0.064 0.036
1 0.940 0.069 0.053 0.030
1 0.816 0.070 0.071 0.030
0 0.160 0.071 0.133 0.021
1 0.062 0.071 0.056 0.025
4 0.501 0.017 0.999 0.033
