1 0.921 0.065 0.014 0.027
1 0.167 0.067 0.039 0.026
1 0.069 0.066 0.042 0.023
0 0.347 0.069 0.276 0.024
0 0.781 0.067 0.113 0.018
2 0.510 0.170 0.318 0.053
0 0.332 0.247 0.117 0.018
0 0.672 0.248 0.146 0.017
3 0.501 0.329 0.603 0.051
3 0.501 0.405 0.604 0.051
0 0.502 0.468 0.043 0.014
5 0.501 0.531 0.547 0.033
0 0.267 0.522 0.069 0.014
5 0.501 0.631 0.547 0.034
0 0.317 0.623 0.169 0.018
0 0.379 0.697 0.294 0.016
3 0.681 0.774 0.186 0.050
7 0.353 0.766 0.250 0.023
0 0.384 0.765 0.188 0.013
0 0.501 0.832 0.511 0.013
0 0.503 0.868 0.614 0.013
4 0.501 0.017 0.999 0.033
