0 0.310 0.151 0.174 0.021
0 0.101 0.980 0.087 0.014
0 0.301 0.979 0.136 0.015
0 0.499 0.979 0.104 0.016
0 0.700 0.980 0.053 0.014
0 0.900 0.979 0.064 0.015
1 0.897 0.950 0.056 0.030
1 0.700 0.951 0.050 0.030
1 0.501 0.951 0.051 0.028
1 0.301 0.950 0.050 0.026
1 0.101 0.951 0.050 0.028
0 0.954 0.499 0.092 0.015
0 0.853 0.471 0.199 0.021
1 0.826 0.497 0.144 0.016
2 0.697 0.480 0.099 0.055
2 0.819 0.322 0.362 0.249
0 0.399 0.499 0.179 0.015
0 0.243 0.865 0.369 0.064
0 0.699 0.865 0.321 0.064
2 0.740 0.716 0.442 0.196
2 0.260 0.716 0.443 0.197
0 0.501 0.579 0.393 0.020
2 0.099 0.480 0.092 0.037
0 0.242 0.470 0.168 0.017
1 0.228 0.497 0.144 0.016
1 0.540 0.480 0.050 0.025
2 0.320 0.323 0.562 0.249
0 0.097 0.152 0.128 0.020
0 0.098 0.075 0.118 0.033
4 0.501 0.017 0.999 0.033
