0 0.389 0.721 0.317 0.018
0 0.316 0.620 0.168 0.017
0 0.278 0.519 0.093 0.019
5 0.461 0.728 0.467 0.033
5 0.461 0.628 0.467 0.034
5 0.502 0.527 0.546 0.034
0 0.347 0.069 0.276 0.024
0 0.782 0.066 0.111 0.019
0 0.331 0.244 0.117 0.017
0 0.672 0.244 0.146 0.017
0 0.502 0.464 0.043 0.015
0 0.501 0.898 0.511 0.013
0 0.503 0.933 0.614 0.013
1 0.922 0.066 0.011 0.022
1 0.166 0.067 0.040 0.025
1 0.069 0.066 0.042 0.023
2 0.510 0.167 0.318 0.053
3 0.502 0.325 0.604 0.051
3 0.501 0.402 0.607 0.052
3 0.670 0.833 0.207 0.050
1 0.743 0.620 0.044 0.024
1 0.744 0.719 0.044 0.024
4 0.501 0.017 0.999 0.033
