0 0.501 0.077 0.156 0.023
0 0.501 0.250 0.844 0.042
0 0.324 0.359 0.350 0.024
0 0.269 0.443 0.246 0.023
0 0.394 0.525 0.490 0.023
0 0.289 0.608 0.283 0.023
0 0.249 0.688 0.200 0.019
0 0.250 0.771 0.206 0.018
0 0.286 0.854 0.278 0.019
0 0.875 0.978 0.108 0.016
0 0.626 0.976 0.118 0.013
0 0.376 0.976 0.124 0.013
0 0.127 0.976 0.126 0.013
1 0.876 0.945 0.057 0.033
1 0.626 0.944 0.054 0.034
2 0.376 0.944 0.068 0.030
2 0.127 0.944 0.065 0.034
1 0.074 0.854 0.068 0.034
1 0.074 0.771 0.060 0.027
1 0.075 0.688 0.053 0.034
2 0.075 0.606 0.058 0.033
2 0.074 0.523 0.043 0.034
1 0.074 0.440 0.054 0.034
1 0.075 0.357 0.061 0.030
3 0.501 0.186 0.567 0.061
4 0.501 0.017 0.999 0.033
