4 0.501 0.017 0.999 0.033
1 0.172 0.615 0.019 0.008
2 0.294 0.118 0.154 0.074
0 0.580 0.115 0.382 0.046
0 0.501 0.216 0.217 0.020
0 0.209 0.287 0.199 0.018
0 0.501 0.381 0.212 0.018
0 0.210 0.453 0.197 0.018
0 0.502 0.545 0.307 0.019
0 0.335 0.615 0.279 0.018
0 0.131 0.616 0.036 0.015
0 0.501 0.708 0.103 0.019
0 0.159 0.780 0.099 0.018
0 0.460 0.866 0.590 0.022
7 0.417 0.864 0.678 0.034
3 0.500 0.959 0.844 0.075
5 0.501 0.288 0.843 0.082
5 0.501 0.779 0.843 0.082
5 0.501 0.615 0.843 0.082
5 0.501 0.452 0.843 0.082
