0 0.483 0.909 0.301 0.016
0 0.537 0.870 0.410 0.020
0 0.562 0.684 0.461 0.020
0 0.416 0.721 0.171 0.016
0 0.583 0.537 0.500 0.020
0 0.581 0.497 0.500 0.020
0 0.346 0.073 0.339 0.027
0 0.582 0.350 0.500 0.020
0 0.637 0.311 0.614 0.021
0 0.562 0.966 0.458 0.023
2 0.162 0.972 0.246 0.055
1 0.942 0.896 0.053 0.026
0 0.626 0.804 0.582 0.073
2 0.161 0.827 0.244 0.138
1 0.942 0.709 0.051 0.026
0 0.587 0.614 0.507 0.068
2 0.163 0.640 0.244 0.137
1 0.942 0.522 0.051 0.026
0 0.618 0.428 0.575 0.068
2 0.163 0.454 0.244 0.138
1 0.942 0.336 0.051 0.025
0 0.633 0.245 0.599 0.073
2 0.162 0.268 0.243 0.137
1 0.069 0.072 0.039 0.016
1 0.941 0.072 0.040 0.025
3 0.956 0.143 0.089 0.045
3 0.717 0.143 0.315 0.045
3 0.394 0.143 0.256 0.045
3 0.135 0.143 0.192 0.045
4 0.501 0.017 0.999 0.033
