0 0.556 0.820 0.231 0.022
0 0.926 0.818 0.149 0.018
0 0.248 0.157 0.449 0.025
0 0.922 0.161 0.110 0.015
0 0.925 0.900 0.150 0.045
0 0.623 0.902 0.368 0.048
0 0.205 0.902 0.360 0.048
1 0.926 0.853 0.149 0.020
1 0.547 0.853 0.215 0.020
1 0.134 0.853 0.215 0.020
0 0.147 0.818 0.242 0.018
2 0.220 0.731 0.390 0.130
2 0.632 0.731 0.389 0.131
2 0.925 0.731 0.150 0.130
0 0.921 0.627 0.108 0.014
0 0.252 0.623 0.446 0.023
0 0.806 0.539 0.186 0.023
1 0.819 0.510 0.215 0.020
0 0.542 0.509 0.206 0.013
0 0.124 0.539 0.186 0.023
1 0.133 0.509 0.214 0.019
0 0.276 0.459 0.503 0.056
0 0.854 0.459 0.292 0.058
2 0.855 0.305 0.290 0.211
2 0.353 0.305 0.657 0.211
0 0.101 0.993 0.086 0.015
0 0.302 0.992 0.096 0.012
0 0.502 0.993 0.107 0.015
0 0.701 0.993 0.108 0.015
0 0.901 0.991 0.075 0.013
1 0.901 0.960 0.053 0.030
1 0.701 0.961 0.074 0.031
1 0.502 0.959 0.060 0.033
1 0.301 0.961 0.065 0.034
1 0.101 0.960 0.065 0.037
1 0.940 0.069 0.053 0.030
1 0.816 0.070 0.071 0.030
0 0.160 0.071 0.133 0.022
1 0.061 0.071 0.056 0.026
4 0.501 0.017 0.999 0.033
