0 0.223 0.773 0.268 0.020
1 0.053 0.865 0.033 0.019
2 0.053 0.771 0.032 0.018
0 0.292 0.964 0.510 0.037
1 0.319 0.865 0.021 0.007
0 0.193 0.866 0.206 0.021
0 0.470 0.819 0.762 0.020
1 0.052 0.819 0.032 0.023
0 0.144 0.718 0.207 0.018
0 0.498 0.635 0.924 0.099
3 0.142 0.540 0.212 0.045
0 0.932 0.542 0.053 0.015
0 0.722 0.540 0.114 0.017
2 0.624 0.537 0.058 0.034
1 0.864 0.537 0.058 0.033
1 0.915 0.419 0.069 0.036
0 0.294 0.426 0.511 0.042
4 0.501 0.017 0.999 0.033
1 0.941 0.071 0.054 0.026
1 0.062 0.071 0.051 0.024
2 0.501 0.249 0.999 0.430
1 0.849 0.493 0.215 0.020
