0 0.285 0.099 0.412 0.021
0 0.175 0.130 0.194 0.025
0 0.155 0.156 0.151 0.016
0 0.149 0.232 0.215 0.018
0 0.340 0.286 0.321 0.018
0 0.088 0.363 0.090 0.017
0 0.286 0.418 0.214 0.018
0 0.247 0.474 0.135 0.023
0 0.263 0.529 0.169 0.022
0 0.217 0.582 0.075 0.017
0 0.249 0.636 0.149 0.019
0 0.094 0.715 0.108 0.022
0 0.312 0.768 0.265 0.017
0 0.287 0.899 0.217 0.018
0 0.263 0.956 0.167 0.021
1 0.072 0.952 0.037 0.031
1 0.072 0.898 0.056 0.030
0 0.109 0.845 0.140 0.017
2 0.072 0.767 0.056 0.031
1 0.072 0.634 0.050 0.031
1 0.072 0.581 0.056 0.031
1 0.072 0.526 0.056 0.030
1 0.072 0.471 0.051 0.029
1 0.074 0.418 0.039 0.026
1 0.072 0.286 0.056 0.031
1 0.737 0.114 0.138 0.064
4 0.501 0.017 0.999 0.033
