0 0.482 0.075 0.314 0.024
0 0.899 0.990 0.107 0.017
0 0.701 0.988 0.156 0.014
0 0.501 0.988 0.060 0.014
0 0.303 0.988 0.072 0.014
0 0.102 0.989 0.121 0.013
0 0.503 0.140 0.294 0.020
1 0.917 0.076 0.061 0.036
1 0.203 0.072 0.065 0.024
1 0.760 0.072 0.146 0.051
0 0.162 0.886 0.221 0.017
0 0.264 0.835 0.425 0.051
2 0.271 0.664 0.442 0.250
0 0.622 0.885 0.221 0.018
0 0.722 0.834 0.425 0.052
2 0.732 0.664 0.442 0.250
0 0.621 0.482 0.222 0.019
0 0.716 0.446 0.407 0.023
2 0.732 0.290 0.442 0.249
0 0.162 0.511 0.221 0.019
0 0.222 0.459 0.339 0.052
2 0.936 0.482 0.039 0.021
2 0.271 0.291 0.442 0.250
5 0.561 0.072 0.558 0.062
1 0.107 0.071 0.044 0.024
1 0.101 0.960 0.060 0.034
2 0.301 0.959 0.040 0.029
1 0.500 0.959 0.061 0.034
2 0.701 0.959 0.060 0.034
1 0.900 0.959 0.050 0.029
4 0.501 0.017 0.999 0.033
