0 0.399 0.071 0.340 0.020
0 0.503 0.790 0.381 0.021
0 0.901 0.990 0.107 0.018
0 0.701 0.988 0.156 0.014
0 0.501 0.988 0.060 0.014
0 0.302 0.988 0.074 0.014
0 0.102 0.988 0.121 0.014
1 0.101 0.959 0.060 0.033
1 0.301 0.959 0.042 0.029
1 0.501 0.960 0.060 0.034
2 0.701 0.959 0.060 0.034
1 0.900 0.959 0.050 0.028
2 0.501 0.875 0.899 0.073
2 0.501 0.515 0.897 0.507
0 0.506 0.181 0.762 0.076
1 0.901 0.075 0.062 0.036
1 0.106 0.073 0.065 0.023
1 0.744 0.072 0.144 0.052
5 0.506 0.072 0.643 0.062
4 0.502 0.017 0.996 0.033
