1 0.926 0.886 0.149 0.020
1 0.545 0.852 0.212 0.019
1 0.133 0.886 0.215 0.020
0 0.148 0.837 0.240 0.056
0 0.608 0.901 0.339 0.047
0 0.926 0.835 0.149 0.052
0 0.925 0.918 0.150 0.015
0 0.604 0.818 0.325 0.016
0 0.191 0.919 0.332 0.016
1 0.803 0.489 0.215 0.020
2 0.848 0.285 0.304 0.211
0 0.922 0.626 0.110 0.016
2 0.633 0.730 0.390 0.130
2 0.926 0.730 0.149 0.130
2 0.221 0.730 0.389 0.130
0 0.527 0.488 0.201 0.013
0 0.848 0.439 0.304 0.055
0 0.230 0.624 0.399 0.031
0 0.800 0.520 0.203 0.023
0 0.110 0.520 0.193 0.023
1 0.119 0.489 0.215 0.020
0 0.252 0.439 0.479 0.055
0 0.922 0.141 0.110 0.016
0 0.204 0.139 0.356 0.030
2 0.338 0.285 0.657 0.211
0 0.101 0.993 0.086 0.015
0 0.301 0.992 0.096 0.012
0 0.502 0.993 0.107 0.015
0 0.701 0.993 0.108 0.015
0 0.901 0.992 0.075 0.012
1 0.901 0.960 0.053 0.030
1 0.701 0.961 0.074 0.031
1 0.502 0.960 0.060 0.032
1 0.301 0.961 0.065 0.034
1 0.101 0.960 0.065 0.037
1 0.940 0.069 0.053 0.030
1 0.816 0.070 0.071 0.030
0 0.160 0.071 0.133 0.022
1 0.062 0.071 0.054 0.026
4 0.501 0.017 0.999 0.033
