0 0.283 0.427 0.132 0.020
4 0.501 0.014 0.999 0.027
0 0.069 0.071 0.060 0.037
0 0.249 0.142 0.121 0.018
1 0.589 0.072 0.044 0.025
1 0.706 0.071 0.060 0.034
1 0.823 0.072 0.054 0.031
1 0.944 0.073 0.044 0.025
0 0.751 0.141 0.294 0.018
2 0.108 0.236 0.125 0.062
0 0.304 0.238 0.175 0.026
2 0.105 0.332 0.132 0.048
0 0.269 0.333 0.103 0.026
2 0.107 0.424 0.108 0.052
2 0.106 0.527 0.132 0.027
0 0.344 0.523 0.257 0.020
2 0.106 0.617 0.132 0.047
0 0.322 0.621 0.212 0.026
2 0.500 0.801 0.964 0.246
0 0.153 0.944 0.212 0.016
0 0.247 0.976 0.403 0.020
