2 0.865 0.899 0.271 0.070
2 0.366 0.898 0.679 0.070
1 0.940 0.069 0.053 0.030
1 0.816 0.070 0.071 0.030
0 0.160 0.071 0.135 0.022
1 0.062 0.071 0.057 0.027
0 0.328 0.345 0.585 0.045
4 0.501 0.017 0.999 0.033
0 0.922 0.824 0.110 0.016
1 0.954 0.730 0.019 0.019
1 0.956 0.661 0.019 0.019
1 0.956 0.591 0.019 0.019
1 0.956 0.521 0.019 0.019
1 0.954 0.451 0.019 0.019
0 0.272 0.454 0.260 0.022
0 0.276 0.525 0.264 0.020
0 0.205 0.594 0.124 0.021
0 0.265 0.663 0.240 0.016
0 0.236 0.734 0.183 0.022
1 0.067 0.450 0.057 0.028
2 0.067 0.520 0.046 0.026
1 0.068 0.590 0.064 0.021
2 0.068 0.660 0.072 0.032
2 0.069 0.729 0.067 0.028
0 0.222 0.823 0.393 0.031
0 0.103 0.993 0.086 0.014
0 0.301 0.992 0.094 0.012
0 0.502 0.993 0.107 0.014
0 0.702 0.993 0.110 0.014
0 0.902 0.991 0.076 0.013
1 0.901 0.961 0.053 0.030
1 0.701 0.961 0.075 0.032
1 0.502 0.960 0.060 0.032
1 0.301 0.961 0.065 0.034
1 0.101 0.960 0.064 0.036
2 0.501 0.214 0.999 0.362
