0 0.177 0.718 0.176 0.017
0 0.137 0.620 0.096 0.017
0 0.501 0.072 0.415 0.017
0 0.501 0.133 0.451 0.027
0 0.500 0.180 0.403 0.017
0 0.500 0.216 0.475 0.017
0 0.773 0.313 0.287 0.022
0 0.160 0.311 0.139 0.027
0 0.501 0.540 0.461 0.022
0 0.101 0.986 0.135 0.013
0 0.300 0.984 0.092 0.010
0 0.501 0.986 0.093 0.013
0 0.701 0.986 0.110 0.013
0 0.901 0.984 0.082 0.011
0 0.274 0.803 0.378 0.020
1 0.935 0.133 0.037 0.021
1 0.883 0.617 0.044 0.019
1 0.883 0.714 0.032 0.025
2 0.501 0.190 0.999 0.160
3 0.502 0.375 0.832 0.067
3 0.502 0.455 0.832 0.067
3 0.501 0.871 0.832 0.066
1 0.101 0.952 0.062 0.037
1 0.300 0.952 0.064 0.037
1 0.499 0.952 0.049 0.038
2 0.700 0.952 0.044 0.037
1 0.900 0.952 0.067 0.036
5 0.502 0.724 0.832 0.045
5 0.501 0.628 0.833 0.041
4 0.501 0.017 0.999 0.033
