0 0.633 0.507 0.585 0.090
1 0.113 0.986 0.057 0.029
1 0.113 0.740 0.057 0.030
1 0.112 0.484 0.057 0.030
1 0.114 0.228 0.056 0.030
4 0.501 0.017 0.999 0.033
1 0.062 0.071 0.054 0.026
1 0.942 0.071 0.056 0.027
0 0.289 0.145 0.506 0.036
2 0.179 0.297 0.278 0.220
0 0.637 0.250 0.594 0.091
1 0.463 0.320 0.242 0.023
0 0.814 0.320 0.247 0.015
3 0.449 0.374 0.217 0.045
0 0.846 0.382 0.178 0.021
2 0.179 0.553 0.278 0.220
3 0.449 0.630 0.217 0.045
1 0.463 0.575 0.242 0.023
0 0.822 0.577 0.231 0.015
0 0.838 0.639 0.199 0.021
2 0.179 0.804 0.278 0.209
0 0.535 0.729 0.383 0.022
1 0.463 0.763 0.242 0.023
0 0.810 0.764 0.254 0.015
0 0.838 0.885 0.199 0.021
3 0.449 0.876 0.217 0.045
2 0.178 0.973 0.278 0.054
0 0.593 0.975 0.506 0.021
