0 0.580 0.862 0.101 0.019
0 0.128 0.863 0.172 0.019
2 0.258 0.952 0.465 0.096
2 0.745 0.952 0.465 0.095
2 0.745 0.709 0.465 0.263
2 0.259 0.709 0.465 0.263
0 0.822 0.460 0.215 0.023
1 0.819 0.430 0.215 0.020
0 0.855 0.380 0.290 0.055
1 0.965 0.525 0.022 0.020
0 0.683 0.526 0.499 0.018
0 0.542 0.430 0.206 0.013
0 0.128 0.460 0.197 0.023
1 0.133 0.430 0.215 0.020
0 0.297 0.380 0.537 0.055
1 0.055 0.065 0.060 0.034
3 0.892 0.064 0.197 0.031
2 0.500 0.066 0.256 0.034
2 0.855 0.226 0.290 0.210
2 0.354 0.226 0.656 0.211
4 0.501 0.017 0.999 0.033
