1 0.893 0.094 0.061 0.034
0 0.501 0.170 0.835 0.049
0 0.500 0.239 0.911 0.067
0 0.168 0.466 0.125 0.020
0 0.503 0.469 0.214 0.048
0 0.835 0.468 0.197 0.024
0 0.835 0.672 0.119 0.020
0 0.501 0.671 0.150 0.020
0 0.168 0.673 0.142 0.019
0 0.167 0.878 0.113 0.020
0 0.501 0.878 0.119 0.019
0 0.833 0.881 0.222 0.024
3 0.501 0.962 0.999 0.077
2 0.168 0.788 0.219 0.123
2 0.501 0.788 0.221 0.123
2 0.833 0.788 0.219 0.123
2 0.168 0.582 0.219 0.124
2 0.501 0.582 0.221 0.124
2 0.833 0.582 0.219 0.124
2 0.167 0.376 0.221 0.124
2 0.501 0.377 0.221 0.123
2 0.833 0.377 0.219 0.123
4 0.501 0.017 0.999 0.033
