0 0.319 0.075 0.400 0.023
0 0.224 0.750 0.325 0.019
3 0.092 0.146 0.067 0.029
3 0.572 0.146 0.067 0.029
1 0.932 0.073 0.036 0.027
1 0.068 0.072 0.047 0.027
0 0.260 0.336 0.399 0.022
0 0.213 0.363 0.307 0.018
0 0.183 0.396 0.246 0.018
0 0.115 0.429 0.111 0.021
1 0.437 0.427 0.013 0.020
1 0.432 0.149 0.053 0.027
1 0.912 0.150 0.056 0.028
0 0.733 0.334 0.382 0.018
0 0.669 0.365 0.257 0.022
0 0.643 0.398 0.206 0.019
0 0.601 0.429 0.125 0.021
1 0.917 0.428 0.013 0.021
0 0.250 0.688 0.378 0.017
0 0.171 0.717 0.219 0.022
0 0.110 0.782 0.100 0.021
1 0.438 0.780 0.011 0.021
0 0.739 0.689 0.397 0.020
0 0.635 0.715 0.186 0.018
0 0.663 0.749 0.249 0.019
0 0.603 0.782 0.128 0.021
1 0.917 0.780 0.013 0.021
1 0.433 0.503 0.053 0.027
1 0.912 0.502 0.053 0.028
1 0.913 0.855 0.054 0.027
1 0.433 0.855 0.054 0.027
2 0.260 0.214 0.443 0.186
2 0.740 0.913 0.442 0.173
2 0.740 0.567 0.442 0.187
2 0.261 0.568 0.442 0.185
2 0.261 0.913 0.442 0.173
2 0.742 0.214 0.442 0.187
5 0.501 0.072 0.960 0.055
4 0.501 0.017 0.999 0.033
