0 0.420 0.062 0.485 0.027
0 0.490 0.090 0.631 0.017
0 0.840 0.158 0.057 0.012
0 0.506 0.158 0.082 0.012
0 0.167 0.159 0.069 0.013
0 0.361 0.496 0.603 0.025
0 0.323 0.544 0.526 0.022
0 0.837 0.539 0.151 0.027
0 0.837 0.966 0.151 0.027
0 0.285 0.967 0.446 0.025
1 0.945 0.070 0.013 0.027
1 0.778 0.058 0.039 0.020
1 0.069 0.072 0.042 0.023
1 0.167 0.136 0.056 0.027
2 0.506 0.133 0.050 0.028
1 0.840 0.134 0.049 0.028
2 0.501 0.322 0.963 0.274
3 0.426 0.601 0.269 0.047
1 0.156 0.601 0.190 0.019
2 0.500 0.793 0.961 0.273
4 0.501 0.017 0.999 0.033
