0 0.178 0.066 0.147 0.015
0 0.900 0.975 0.086 0.010
0 0.702 0.976 0.093 0.009
0 0.501 0.975 0.110 0.009
0 0.301 0.976 0.093 0.009
0 0.101 0.975 0.061 0.009
1 0.101 0.939 0.058 0.034
1 0.302 0.939 0.057 0.032
1 0.501 0.940 0.056 0.032
1 0.700 0.939 0.058 0.034
1 0.901 0.939 0.057 0.031
3 0.860 0.814 0.125 0.070
3 0.501 0.535 0.846 0.068
0 0.502 0.455 0.046 0.015
0 0.502 0.383 0.668 0.023
0 0.502 0.300 0.812 0.062
3 0.740 0.147 0.442 0.075
0 0.826 0.066 0.138 0.015
0 0.501 0.066 0.190 0.015
4 0.501 0.014 0.999 0.026
3 0.261 0.147 0.442 0.075
