5 0.501 0.439 0.904 0.034
5 0.501 0.275 0.904 0.032
0 0.098 0.143 0.193 0.017
0 0.405 0.143 0.301 0.018
0 0.794 0.143 0.353 0.017
0 0.149 0.211 0.218 0.015
0 0.153 0.373 0.224 0.015
0 0.125 0.979 0.089 0.015
0 0.375 0.981 0.164 0.019
0 0.624 0.979 0.099 0.015
0 0.874 0.980 0.056 0.016
1 0.083 0.071 0.049 0.020
1 0.917 0.071 0.043 0.024
1 0.903 0.270 0.026 0.008
1 0.903 0.432 0.025 0.008
1 0.125 0.951 0.044 0.025
1 0.376 0.951 0.051 0.026
1 0.625 0.951 0.036 0.028
1 0.874 0.950 0.051 0.029
3 0.500 0.555 0.922 0.052
0 0.199 0.432 0.257 0.020
0 0.194 0.269 0.247 0.020
0 0.476 0.075 0.565 0.027
5 0.501 0.071 0.972 0.066
4 0.501 0.014 0.999 0.027
