1 0.942 0.193 0.050 0.025
1 0.942 0.380 0.050 0.024
1 0.942 0.566 0.050 0.024
2 0.162 0.311 0.243 0.136
2 0.162 0.124 0.243 0.137
2 0.161 0.495 0.244 0.133
2 0.501 0.901 0.922 0.066
0 0.328 0.812 0.569 0.027
0 0.501 0.635 0.474 0.019
0 0.549 0.561 0.438 0.060
0 0.637 0.475 0.613 0.073
0 0.545 0.374 0.426 0.060
0 0.590 0.284 0.518 0.067
0 0.591 0.188 0.521 0.059
0 0.628 0.098 0.599 0.067
4 0.500 0.017 0.997 0.033
1 0.101 0.967 0.050 0.028
1 0.301 0.966 0.049 0.028
1 0.501 0.966 0.051 0.025
1 0.701 0.967 0.040 0.029
1 0.900 0.968 0.014 0.023
