2 0.367 0.899 0.681 0.070
2 0.865 0.898 0.271 0.070
0 0.921 0.824 0.111 0.016
0 0.221 0.823 0.392 0.031
0 0.234 0.345 0.376 0.045
1 0.955 0.730 0.021 0.020
1 0.955 0.661 0.021 0.020
0 0.237 0.734 0.183 0.021
0 0.265 0.663 0.240 0.016
2 0.069 0.729 0.067 0.029
2 0.069 0.659 0.071 0.033
1 0.956 0.591 0.022 0.020
1 0.955 0.521 0.021 0.020
1 0.954 0.451 0.022 0.020
0 0.205 0.594 0.126 0.022
0 0.276 0.525 0.264 0.020
0 0.272 0.455 0.258 0.020
1 0.068 0.591 0.064 0.020
2 0.068 0.520 0.047 0.025
1 0.067 0.450 0.057 0.027
0 0.102 0.993 0.085 0.014
0 0.301 0.992 0.096 0.012
0 0.502 0.993 0.107 0.015
0 0.702 0.993 0.110 0.015
0 0.901 0.991 0.075 0.013
1 0.901 0.961 0.053 0.030
1 0.701 0.961 0.075 0.032
1 0.502 0.960 0.060 0.033
1 0.301 0.960 0.065 0.034
1 0.101 0.960 0.064 0.036
1 0.940 0.069 0.056 0.030
1 0.816 0.070 0.071 0.030
0 0.160 0.071 0.135 0.023
1 0.062 0.071 0.057 0.027
2 0.501 0.215 0.999 0.362
4 0.501 0.017 0.999 0.033
