1 0.113 0.892 0.054 0.028
0 0.827 0.984 0.221 0.015
1 0.464 0.984 0.242 0.023
0 0.636 0.912 0.594 0.086
2 0.180 0.925 0.276 0.149
0 0.846 0.704 0.183 0.015
0 0.838 0.790 0.199 0.022
3 0.448 0.781 0.218 0.045
1 0.463 0.703 0.242 0.023
0 0.617 0.651 0.550 0.055
2 0.179 0.710 0.278 0.209
1 0.112 0.645 0.054 0.029
0 0.812 0.458 0.247 0.014
0 0.847 0.544 0.176 0.022
3 0.448 0.536 0.218 0.045
1 0.461 0.457 0.242 0.023
0 0.625 0.404 0.572 0.055
2 0.179 0.464 0.278 0.209
1 0.113 0.400 0.054 0.028
0 0.843 0.236 0.189 0.015
0 0.835 0.298 0.203 0.021
3 0.449 0.289 0.218 0.045
1 0.462 0.236 0.240 0.023
0 0.624 0.166 0.564 0.090
2 0.179 0.212 0.278 0.220
1 0.113 0.143 0.054 0.028
1 0.062 0.071 0.051 0.025
1 0.941 0.071 0.054 0.026
4 0.501 0.017 0.999 0.033
