0 0.319 0.075 0.400 0.023
0 0.101 0.979 0.087 0.015
0 0.301 0.979 0.136 0.015
0 0.500 0.979 0.106 0.016
0 0.700 0.979 0.053 0.015
0 0.899 0.979 0.065 0.015
1 0.897 0.950 0.056 0.030
1 0.701 0.950 0.051 0.030
1 0.501 0.951 0.051 0.029
1 0.301 0.951 0.051 0.027
1 0.102 0.951 0.051 0.029
2 0.078 0.165 0.118 0.066
2 0.078 0.253 0.118 0.066
2 0.078 0.340 0.118 0.066
2 0.078 0.426 0.118 0.063
2 0.081 0.518 0.113 0.033
2 0.078 0.603 0.118 0.066
2 0.078 0.690 0.118 0.066
2 0.078 0.777 0.118 0.067
2 0.078 0.865 0.118 0.066
0 0.348 0.866 0.343 0.020
0 0.404 0.781 0.456 0.025
0 0.376 0.694 0.393 0.025
0 0.398 0.604 0.440 0.020
0 0.402 0.517 0.449 0.020
0 0.325 0.430 0.294 0.020
0 0.357 0.344 0.356 0.025
0 0.348 0.258 0.340 0.023
0 0.399 0.170 0.443 0.025
1 0.068 0.072 0.047 0.027
1 0.933 0.073 0.035 0.027
5 0.501 0.072 0.960 0.055
4 0.501 0.018 0.997 0.032
