1 0.463 0.273 0.024 0.017
2 0.970 0.319 0.060 0.156
1 0.069 0.071 0.049 0.020
1 0.196 0.072 0.036 0.021
1 0.806 0.070 0.049 0.030
1 0.932 0.072 0.047 0.026
2 0.349 0.143 0.071 0.041
2 0.544 0.144 0.078 0.030
1 0.738 0.143 0.060 0.038
0 0.426 0.075 0.342 0.023
5 0.433 0.072 0.592 0.055
0 0.127 0.145 0.135 0.020
0 0.947 0.143 0.106 0.016
0 0.501 0.210 0.486 0.020
0 0.581 0.275 0.194 0.012
0 0.564 0.314 0.481 0.019
0 0.567 0.358 0.100 0.014
2 0.138 0.320 0.151 0.070
6 0.500 0.420 0.067 0.009
0 0.896 0.492 0.150 0.015
0 0.115 0.491 0.171 0.016
2 0.161 0.596 0.242 0.129
2 0.256 0.878 0.465 0.245
2 0.744 0.878 0.465 0.245
0 0.099 0.729 0.133 0.020
4 0.501 0.017 0.999 0.033
