0 0.224 0.245 0.342 0.027
5 0.461 0.249 0.825 0.035
0 0.230 0.072 0.379 0.023
0 0.169 0.143 0.271 0.017
0 0.501 0.143 0.194 0.017
0 0.833 0.144 0.265 0.016
0 0.311 0.354 0.133 0.018
0 0.340 0.432 0.190 0.018
0 0.298 0.513 0.107 0.021
0 0.335 0.589 0.179 0.018
0 0.311 0.667 0.131 0.017
0 0.301 0.747 0.111 0.022
0 0.297 0.822 0.101 0.018
0 0.280 0.901 0.071 0.017
0 0.126 0.980 0.085 0.016
0 0.375 0.978 0.114 0.019
0 0.626 0.981 0.138 0.020
0 0.876 0.979 0.074 0.016
1 0.875 0.951 0.042 0.008
1 0.626 0.951 0.051 0.027
1 0.376 0.947 0.046 0.026
1 0.126 0.950 0.050 0.025
2 0.115 0.900 0.153 0.037
2 0.117 0.822 0.153 0.027
2 0.109 0.744 0.140 0.030
2 0.117 0.666 0.153 0.034
2 0.115 0.588 0.153 0.032
2 0.117 0.509 0.153 0.028
2 0.116 0.431 0.154 0.028
2 0.117 0.354 0.153 0.040
1 0.951 0.245 0.056 0.031
4 0.501 0.017 0.999 0.033
