1 0.588 0.232 0.069 0.039
0 0.249 0.072 0.142 0.020
0 0.499 0.300 0.101 0.020
0 0.501 0.343 0.235 0.016
0 0.503 0.458 0.128 0.013
0 0.836 0.459 0.128 0.016
0 0.170 0.458 0.079 0.013
0 0.502 0.419 0.029 0.020
0 0.837 0.419 0.029 0.020
0 0.169 0.419 0.029 0.020
0 0.169 0.535 0.138 0.017
0 0.501 0.536 0.139 0.016
0 0.833 0.538 0.139 0.020
0 0.501 0.813 0.464 0.021
0 0.501 0.852 0.685 0.020
3 0.271 0.623 0.461 0.045
3 0.731 0.623 0.460 0.045
1 0.832 0.071 0.064 0.029
1 0.942 0.072 0.044 0.025
1 0.069 0.072 0.040 0.023
2 0.500 0.180 0.264 0.143
4 0.501 0.017 0.999 0.033
