2 0.161 0.270 0.244 0.138
4 0.501 0.017 0.999 0.033
1 0.069 0.071 0.040 0.018
2 0.161 0.456 0.244 0.138
3 0.134 0.143 0.190 0.045
3 0.395 0.143 0.254 0.045
3 0.717 0.143 0.315 0.045
3 0.956 0.143 0.087 0.045
0 0.636 0.243 0.606 0.067
0 0.590 0.333 0.518 0.059
1 0.941 0.338 0.051 0.025
0 0.522 0.430 0.378 0.067
0 0.592 0.520 0.522 0.059
1 0.942 0.525 0.051 0.025
0 0.544 0.595 0.419 0.023
0 0.548 0.660 0.432 0.056
1 0.941 0.712 0.051 0.025
2 0.162 0.643 0.243 0.138
2 0.161 0.829 0.244 0.138
0 0.544 0.781 0.421 0.023
0 0.548 0.847 0.432 0.056
2 0.161 0.973 0.244 0.053
1 0.942 0.898 0.051 0.025
0 0.624 0.971 0.585 0.029
0 0.346 0.074 0.339 0.026
1 0.942 0.072 0.040 0.026
