0 0.265 0.221 0.181 0.020
0 0.253 0.298 0.153 0.020
0 0.255 0.375 0.154 0.020
0 0.260 0.454 0.165 0.024
0 0.308 0.527 0.261 0.020
0 0.365 0.630 0.375 0.025
0 0.299 0.702 0.243 0.021
0 0.288 0.780 0.221 0.025
0 0.233 0.854 0.114 0.020
0 0.848 0.974 0.129 0.016
1 0.849 0.948 0.053 0.034
1 0.609 0.961 0.054 0.034
1 0.435 0.961 0.060 0.034
1 0.262 0.961 0.046 0.032
1 0.089 0.961 0.058 0.032
1 0.069 0.854 0.054 0.026
1 0.070 0.777 0.054 0.030
1 0.069 0.702 0.051 0.023
1 0.069 0.627 0.058 0.029
1 0.070 0.527 0.051 0.029
1 0.070 0.450 0.040 0.029
1 0.070 0.373 0.046 0.024
1 0.069 0.298 0.050 0.027
1 0.069 0.221 0.046 0.029
1 0.108 0.107 0.139 0.077
0 0.397 0.110 0.360 0.031
4 0.501 0.018 0.997 0.032
