0 0.501 0.076 0.246 0.033
0 0.174 0.398 0.108 0.019
0 0.186 0.423 0.131 0.017
0 0.101 0.629 0.124 0.015
0 0.133 0.667 0.183 0.018
0 0.171 0.700 0.261 0.015
0 0.097 0.736 0.107 0.015
0 0.072 0.774 0.060 0.019
0 0.131 0.810 0.181 0.019
0 0.256 0.871 0.431 0.016
1 0.731 0.721 0.043 0.025
1 0.823 0.721 0.043 0.024
1 0.917 0.721 0.044 0.021
1 0.062 0.420 0.033 0.018
1 0.062 0.332 0.036 0.023
1 0.062 0.244 0.044 0.025
2 0.247 0.145 0.056 0.028
2 0.751 0.144 0.062 0.024
1 0.921 0.072 0.053 0.020
0 0.414 0.246 0.592 0.023
0 0.355 0.334 0.474 0.022
3 0.501 0.528 0.924 0.078
4 0.501 0.017 0.999 0.033
