2 0.099 0.854 0.136 0.077
4 0.501 0.017 0.999 0.033
2 0.161 0.121 0.244 0.138
0 0.537 0.183 0.414 0.056
0 0.643 0.098 0.622 0.073
1 0.942 0.190 0.050 0.025
0 0.501 0.285 0.338 0.073
0 0.584 0.371 0.507 0.060
1 0.941 0.376 0.051 0.025
0 0.553 0.446 0.438 0.023
0 0.537 0.512 0.410 0.056
1 0.942 0.562 0.050 0.023
2 0.162 0.308 0.243 0.138
2 0.161 0.495 0.244 0.138
0 0.235 0.749 0.392 0.027
0 0.381 0.831 0.368 0.019
0 0.276 0.871 0.161 0.020
1 0.101 0.968 0.050 0.029
1 0.301 0.967 0.051 0.029
1 0.501 0.967 0.051 0.025
1 0.701 0.968 0.040 0.029
3 0.801 0.854 0.322 0.061
1 0.901 0.967 0.013 0.023
