0 0.276 0.339 0.175 0.019
0 0.235 0.252 0.094 0.019
0 0.229 0.075 0.181 0.027
0 0.470 0.179 0.696 0.022
0 0.476 0.512 0.874 0.072
0 0.495 0.955 0.446 0.022
1 0.069 0.845 0.111 0.064
1 0.284 0.845 0.115 0.066
1 0.498 0.846 0.115 0.065
2 0.712 0.846 0.115 0.065
2 0.926 0.846 0.115 0.065
1 0.923 0.339 0.054 0.021
1 0.069 0.338 0.042 0.030
1 0.069 0.251 0.050 0.023
1 0.072 0.175 0.061 0.023
1 0.049 0.072 0.042 0.023
5 0.569 0.261 0.765 0.037
5 0.568 0.347 0.767 0.038
3 0.501 0.421 0.922 0.066
4 0.501 0.017 0.999 0.033
