0 0.319 0.075 0.400 0.024
1 0.912 0.857 0.053 0.027
2 0.740 0.914 0.442 0.172
1 0.432 0.857 0.056 0.028
2 0.260 0.914 0.443 0.172
0 0.698 0.719 0.318 0.022
0 0.704 0.752 0.325 0.020
0 0.591 0.784 0.101 0.021
1 0.918 0.782 0.011 0.021
0 0.738 0.690 0.393 0.021
1 0.913 0.504 0.054 0.027
2 0.740 0.569 0.442 0.188
0 0.216 0.719 0.307 0.022
0 0.224 0.752 0.325 0.019
0 0.109 0.784 0.099 0.021
1 0.438 0.782 0.011 0.020
0 0.260 0.688 0.397 0.018
1 0.433 0.504 0.056 0.028
2 0.261 0.568 0.442 0.186
0 0.636 0.364 0.189 0.018
0 0.663 0.398 0.249 0.019
0 0.604 0.431 0.128 0.021
1 0.918 0.429 0.011 0.020
0 0.740 0.338 0.399 0.020
1 0.912 0.151 0.053 0.027
2 0.742 0.215 0.442 0.187
0 0.169 0.366 0.219 0.022
0 0.224 0.399 0.325 0.019
0 0.110 0.431 0.100 0.021
1 0.438 0.429 0.008 0.020
0 0.250 0.336 0.378 0.018
1 0.433 0.151 0.054 0.027
2 0.261 0.216 0.442 0.186
1 0.932 0.073 0.036 0.027
1 0.068 0.072 0.047 0.027
5 0.500 0.072 0.961 0.055
4 0.501 0.017 0.999 0.033
