0 0.420 0.062 0.485 0.027
0 0.490 0.090 0.631 0.017
0 0.167 0.159 0.069 0.013
0 0.506 0.158 0.082 0.012
0 0.841 0.158 0.057 0.012
0 0.360 0.495 0.596 0.025
0 0.837 0.494 0.151 0.027
0 0.836 0.539 0.136 0.024
0 0.237 0.543 0.353 0.022
0 0.836 0.600 0.183 0.018
0 0.361 0.966 0.603 0.025
2 0.500 0.792 0.961 0.273
3 0.436 0.600 0.289 0.047
1 0.157 0.600 0.189 0.020
2 0.500 0.322 0.961 0.273
1 0.778 0.059 0.037 0.020
1 0.945 0.070 0.015 0.025
1 0.069 0.072 0.042 0.023
1 0.167 0.136 0.056 0.027
2 0.506 0.134 0.050 0.028
1 0.840 0.133 0.047 0.027
4 0.501 0.017 0.999 0.033
