0 0.124 0.073 0.165 0.032
1 0.942 0.072 0.036 0.020
0 0.241 0.145 0.126 0.017
0 0.742 0.145 0.165 0.017
5 0.501 0.239 0.924 0.033
0 0.156 0.234 0.226 0.020
5 0.500 0.295 0.922 0.028
0 0.155 0.290 0.224 0.018
5 0.501 0.350 0.924 0.030
0 0.188 0.346 0.287 0.020
5 0.500 0.405 0.922 0.030
0 0.144 0.401 0.206 0.020
5 0.501 0.461 0.922 0.030
0 0.278 0.456 0.471 0.019
7 0.360 0.535 0.606 0.026
0 0.401 0.537 0.522 0.022
0 0.349 0.594 0.618 0.023
1 0.054 0.620 0.025 0.014
0 0.300 0.626 0.447 0.020
2 0.719 0.647 0.053 0.048
0 0.855 0.648 0.201 0.045
1 0.053 0.650 0.026 0.015
0 0.314 0.657 0.472 0.020
1 0.053 0.681 0.026 0.014
0 0.236 0.687 0.319 0.020
0 0.817 0.713 0.264 0.020
1 0.053 0.712 0.026 0.014
0 0.299 0.718 0.444 0.020
3 0.500 0.945 0.944 0.079
4 0.501 0.017 0.999 0.033
