0 0.178 0.879 0.179 0.021
0 0.217 0.787 0.260 0.022
0 0.177 0.591 0.176 0.017
0 0.135 0.493 0.096 0.017
0 0.263 0.396 0.349 0.016
5 0.501 0.698 0.833 0.037
1 0.947 0.069 0.039 0.022
1 0.883 0.391 0.042 0.025
1 0.883 0.490 0.044 0.019
1 0.883 0.586 0.031 0.026
1 0.881 0.683 0.025 0.009
1 0.871 0.781 0.044 0.025
1 0.884 0.873 0.035 0.027
0 0.463 0.969 0.757 0.055
0 0.501 0.102 0.358 0.036
3 0.501 0.171 0.832 0.067
3 0.501 0.251 0.833 0.067
5 0.501 0.402 0.833 0.045
5 0.501 0.501 0.833 0.041
5 0.501 0.596 0.832 0.045
5 0.501 0.788 0.833 0.039
5 0.501 0.882 0.832 0.046
0 0.224 0.691 0.276 0.019
4 0.501 0.017 0.999 0.033
