3 0.778 0.258 0.274 0.048
3 0.546 0.258 0.156 0.048
3 0.381 0.258 0.138 0.048
3 0.191 0.258 0.210 0.048
3 0.318 0.316 0.269 0.048
3 0.644 0.316 0.347 0.048
3 0.751 0.375 0.144 0.049
3 0.554 0.375 0.214 0.048
3 0.304 0.375 0.253 0.049
3 0.188 0.434 0.272 0.048
3 0.415 0.434 0.146 0.048
3 0.639 0.434 0.267 0.048
3 0.869 0.434 0.161 0.048
3 0.881 0.492 0.131 0.048
3 0.707 0.492 0.181 0.048
3 0.505 0.492 0.188 0.048
3 0.303 0.492 0.179 0.048
3 0.126 0.492 0.139 0.048
3 0.401 0.551 0.138 0.048
3 0.578 0.550 0.182 0.048
0 0.122 0.070 0.090 0.019
0 0.503 0.152 0.550 0.030
0 0.501 0.193 0.126 0.019
3 0.501 0.948 0.204 0.061
1 0.053 0.070 0.026 0.025
4 0.501 0.014 0.999 0.027
