2 0.272 0.915 0.419 0.014
2 0.728 0.915 0.417 0.014
0 0.237 0.071 0.119 0.023
0 0.799 0.143 0.236 0.017
0 0.501 0.143 0.119 0.017
0 0.205 0.143 0.113 0.017
0 0.298 0.211 0.465 0.025
0 0.274 0.409 0.171 0.034
0 0.728 0.407 0.201 0.030
0 0.274 0.632 0.228 0.030
0 0.728 0.631 0.246 0.031
0 0.273 0.857 0.285 0.034
0 0.728 0.857 0.374 0.034
0 0.693 0.978 0.092 0.018
1 0.899 0.958 0.044 0.026
1 0.692 0.951 0.051 0.028
1 0.487 0.958 0.060 0.030
1 0.289 0.962 0.050 0.027
1 0.097 0.961 0.050 0.025
2 0.274 0.756 0.417 0.145
2 0.728 0.756 0.418 0.145
2 0.273 0.532 0.418 0.146
2 0.729 0.532 0.419 0.146
2 0.728 0.308 0.418 0.146
2 0.272 0.308 0.417 0.146
1 0.825 0.071 0.044 0.026
1 0.939 0.071 0.050 0.029
1 0.069 0.072 0.050 0.028
4 0.501 0.017 0.999 0.033
