0 0.225 0.245 0.342 0.027
5 0.462 0.249 0.826 0.035
0 0.230 0.071 0.379 0.023
0 0.167 0.143 0.271 0.017
0 0.502 0.143 0.193 0.017
0 0.833 0.143 0.265 0.016
0 0.408 0.355 0.096 0.017
0 0.060 0.355 0.039 0.025
0 0.458 0.432 0.197 0.018
0 0.456 0.511 0.193 0.018
0 0.505 0.589 0.290 0.017
0 0.469 0.667 0.218 0.017
0 0.397 0.745 0.075 0.017
0 0.412 0.823 0.104 0.017
0 0.424 0.903 0.122 0.022
0 0.126 0.979 0.085 0.016
0 0.375 0.979 0.114 0.018
0 0.626 0.981 0.138 0.020
0 0.876 0.980 0.074 0.016
0 0.059 0.902 0.032 0.024
1 0.952 0.246 0.054 0.030
2 0.263 0.355 0.118 0.043
2 0.263 0.432 0.115 0.067
2 0.264 0.510 0.108 0.009
2 0.263 0.589 0.118 0.057
2 0.263 0.662 0.117 0.023
2 0.263 0.743 0.118 0.032
2 0.263 0.823 0.117 0.018
2 0.263 0.898 0.118 0.031
1 0.126 0.950 0.050 0.025
1 0.374 0.947 0.046 0.026
1 0.626 0.950 0.051 0.027
1 0.875 0.951 0.042 0.008
4 0.501 0.017 0.999 0.033
