0 0.276 0.930 0.161 0.020
0 0.276 0.788 0.161 0.020
0 0.276 0.646 0.161 0.020
0 0.277 0.504 0.160 0.020
0 0.276 0.362 0.161 0.020
0 0.276 0.220 0.161 0.020
0 0.346 0.074 0.339 0.026
0 0.402 0.891 0.410 0.019
0 0.351 0.748 0.307 0.019
0 0.395 0.606 0.399 0.019
0 0.401 0.466 0.408 0.023
0 0.392 0.323 0.394 0.019
0 0.398 0.180 0.404 0.019
3 0.801 0.913 0.322 0.061
3 0.801 0.771 0.322 0.061
3 0.801 0.629 0.322 0.061
3 0.801 0.487 0.322 0.061
3 0.801 0.345 0.322 0.061
3 0.801 0.202 0.322 0.061
2 0.099 0.913 0.099 0.044
2 0.099 0.772 0.086 0.048
2 0.099 0.630 0.135 0.075
2 0.099 0.487 0.086 0.078
2 0.099 0.345 0.136 0.076
2 0.099 0.203 0.136 0.077
1 0.942 0.072 0.042 0.026
1 0.069 0.072 0.040 0.017
4 0.501 0.017 0.999 0.033
