1 0.113 0.897 0.056 0.030
0 0.822 0.956 0.229 0.015
1 0.463 0.955 0.242 0.023
0 0.598 0.902 0.515 0.052
0 0.843 0.711 0.186 0.015
0 0.844 0.796 0.188 0.022
3 0.449 0.788 0.217 0.045
1 0.463 0.709 0.242 0.023
0 0.629 0.658 0.575 0.056
1 0.113 0.651 0.057 0.029
0 0.824 0.487 0.225 0.014
0 0.844 0.550 0.188 0.021
3 0.449 0.541 0.217 0.045
1 0.463 0.487 0.242 0.023
0 0.542 0.419 0.404 0.091
1 0.113 0.395 0.056 0.030
0 0.835 0.207 0.204 0.015
0 0.847 0.293 0.176 0.021
3 0.449 0.285 0.217 0.045
1 0.463 0.206 0.242 0.022
0 0.624 0.156 0.567 0.055
1 0.113 0.149 0.054 0.029
1 0.062 0.071 0.051 0.026
1 0.940 0.071 0.056 0.027
2 0.178 0.716 0.279 0.210
2 0.178 0.929 0.279 0.143
2 0.179 0.465 0.278 0.220
2 0.179 0.214 0.278 0.209
4 0.501 0.017 0.999 0.033
