0 0.147 0.508 0.193 0.027
0 0.208 0.609 0.311 0.022
0 0.159 0.709 0.210 0.022
0 0.649 0.408 0.232 0.020
0 0.169 0.409 0.233 0.020
5 0.500 0.836 0.903 0.034
0 0.260 0.075 0.167 0.027
0 0.505 0.152 0.718 0.023
0 0.500 0.332 0.297 0.019
0 0.501 0.915 0.764 0.016
3 0.501 0.962 0.999 0.077
0 0.388 0.833 0.669 0.029
5 0.501 0.714 0.904 0.034
5 0.501 0.615 0.904 0.034
5 0.501 0.511 0.904 0.034
5 0.260 0.414 0.424 0.032
5 0.740 0.414 0.422 0.032
1 0.903 0.831 0.025 0.009
1 0.919 0.709 0.061 0.023
1 0.893 0.148 0.025 0.008
2 0.103 0.148 0.044 0.025
1 0.070 0.072 0.037 0.021
1 0.233 0.220 0.046 0.028
3 0.501 0.222 0.921 0.050
3 0.501 0.277 0.921 0.050
4 0.501 0.017 0.999 0.033
