0 0.127 0.437 0.138 0.020
0 0.605 0.790 0.129 0.021
0 0.612 0.436 0.146 0.021
0 0.119 0.791 0.122 0.020
1 0.433 0.864 0.054 0.028
1 0.916 0.864 0.054 0.029
2 0.741 0.879 0.443 0.088
2 0.259 0.879 0.446 0.088
1 0.920 0.434 0.013 0.021
1 0.438 0.789 0.010 0.020
0 0.102 0.979 0.087 0.014
0 0.301 0.979 0.136 0.015
0 0.499 0.979 0.104 0.015
0 0.699 0.979 0.054 0.015
0 0.899 0.979 0.062 0.013
1 0.898 0.950 0.054 0.029
1 0.701 0.950 0.051 0.030
1 0.500 0.951 0.050 0.028
1 0.301 0.950 0.051 0.026
1 0.101 0.951 0.050 0.028
0 0.644 0.759 0.204 0.019
0 0.731 0.709 0.381 0.047
0 0.252 0.711 0.388 0.049
1 0.915 0.510 0.054 0.028
2 0.742 0.575 0.446 0.188
1 0.434 0.510 0.051 0.027
2 0.260 0.575 0.444 0.188
1 0.920 0.789 0.010 0.020
0 0.644 0.404 0.204 0.019
0 0.741 0.357 0.401 0.050
1 0.438 0.434 0.010 0.020
0 0.186 0.404 0.261 0.018
0 0.249 0.355 0.382 0.046
1 0.916 0.155 0.054 0.028
2 0.742 0.220 0.444 0.188
1 0.434 0.156 0.054 0.027
2 0.260 0.220 0.444 0.188
1 0.069 0.072 0.040 0.022
0 0.351 0.074 0.343 0.024
1 0.942 0.072 0.046 0.028
4 0.501 0.017 0.997 0.033
