0 0.847 0.541 0.176 0.021
0 0.822 0.981 0.231 0.014
1 0.463 0.980 0.242 0.023
1 0.463 0.479 0.242 0.023
1 0.114 0.888 0.053 0.028
0 0.633 0.912 0.585 0.090
0 0.622 0.648 0.562 0.056
2 0.179 0.924 0.278 0.152
0 0.814 0.479 0.247 0.014
0 0.844 0.787 0.188 0.021
3 0.449 0.778 0.217 0.045
1 0.463 0.699 0.242 0.023
0 0.637 0.409 0.593 0.089
2 0.180 0.707 0.276 0.209
1 0.113 0.643 0.054 0.029
0 0.847 0.701 0.182 0.014
3 0.449 0.532 0.217 0.045
2 0.179 0.455 0.278 0.220
1 0.113 0.387 0.054 0.028
0 0.842 0.199 0.188 0.015
0 0.831 0.285 0.211 0.021
3 0.449 0.277 0.215 0.044
1 0.463 0.198 0.242 0.023
0 0.635 0.146 0.583 0.055
2 0.179 0.206 0.278 0.207
1 0.113 0.141 0.054 0.028
1 0.062 0.071 0.051 0.026
1 0.941 0.071 0.054 0.026
4 0.501 0.017 0.999 0.033
