4 0.501 0.017 0.999 0.033
0 0.699 0.507 0.321 0.063
0 0.244 0.507 0.368 0.063
2 0.260 0.358 0.443 0.197
2 0.740 0.358 0.442 0.196
0 0.501 0.220 0.393 0.019
0 0.097 0.152 0.128 0.019
0 0.310 0.151 0.174 0.021
0 0.099 0.075 0.117 0.034
2 0.261 0.675 0.442 0.196
2 0.740 0.676 0.442 0.197
0 0.250 0.807 0.381 0.030
0 0.704 0.828 0.331 0.070
1 0.898 0.950 0.054 0.030
1 0.700 0.950 0.050 0.030
1 0.501 0.951 0.051 0.028
1 0.101 0.951 0.050 0.028
0 0.101 0.979 0.087 0.014
2 0.261 0.909 0.442 0.028
1 0.301 0.951 0.051 0.025
0 0.301 0.979 0.136 0.014
0 0.499 0.979 0.104 0.015
2 0.740 0.909 0.442 0.028
0 0.699 0.979 0.054 0.014
0 0.900 0.979 0.064 0.014
