0 0.339 0.089 0.317 0.027
0 0.097 0.889 0.114 0.019
0 0.176 0.839 0.271 0.046
1 0.452 0.825 0.051 0.026
2 0.260 0.674 0.440 0.248
0 0.578 0.889 0.113 0.018
0 0.676 0.838 0.311 0.046
1 0.932 0.825 0.050 0.024
2 0.740 0.673 0.442 0.248
0 0.578 0.492 0.114 0.019
0 0.628 0.441 0.215 0.047
1 0.933 0.428 0.049 0.024
2 0.741 0.277 0.440 0.248
0 0.099 0.492 0.114 0.019
0 0.174 0.441 0.268 0.047
1 0.453 0.428 0.050 0.025
2 0.262 0.277 0.440 0.248
1 0.117 0.087 0.042 0.025
5 0.500 0.087 0.922 0.066
4 0.501 0.014 0.999 0.026
1 0.102 0.962 0.046 0.023
1 0.299 0.961 0.043 0.024
1 0.500 0.962 0.050 0.025
1 0.697 0.962 0.050 0.028
1 0.900 0.962 0.050 0.028
