0 0.503 0.763 0.426 0.034
0 0.501 0.618 0.751 0.047
0 0.901 0.976 0.085 0.009
0 0.702 0.975 0.093 0.009
0 0.501 0.975 0.110 0.009
0 0.301 0.976 0.093 0.009
0 0.102 0.976 0.062 0.009
1 0.101 0.939 0.058 0.033
1 0.301 0.939 0.058 0.032
1 0.501 0.939 0.056 0.032
1 0.701 0.939 0.060 0.034
1 0.900 0.939 0.058 0.032
3 0.501 0.836 0.224 0.045
0 0.501 0.560 0.442 0.027
0 0.503 0.364 0.608 0.035
0 0.501 0.219 0.692 0.046
3 0.501 0.437 0.224 0.045
3 0.818 0.079 0.269 0.066
3 0.501 0.079 0.269 0.066
4 0.501 0.017 0.999 0.033
0 0.501 0.161 0.569 0.026
3 0.183 0.079 0.269 0.066
2 0.500 0.373 0.922 0.216
2 0.501 0.761 0.922 0.195
