0 0.271 0.089 0.189 0.019
0 0.662 0.348 0.214 0.022
0 0.147 0.348 0.097 0.021
0 0.128 0.796 0.133 0.012
0 0.201 0.826 0.278 0.023
0 0.195 0.855 0.265 0.023
0 0.270 0.884 0.051 0.014
1 0.174 0.885 0.124 0.013
0 0.083 0.884 0.044 0.014
0 0.102 0.981 0.115 0.011
0 0.301 0.981 0.086 0.012
0 0.500 0.981 0.072 0.011
0 0.699 0.981 0.082 0.011
0 0.897 0.981 0.103 0.012
1 0.897 0.954 0.060 0.034
1 0.697 0.952 0.056 0.030
2 0.499 0.953 0.053 0.031
1 0.301 0.953 0.060 0.030
1 0.103 0.953 0.050 0.031
1 0.651 0.885 0.124 0.013
0 0.549 0.884 0.065 0.015
0 0.749 0.884 0.056 0.014
0 0.645 0.855 0.257 0.023
0 0.583 0.796 0.132 0.010
0 0.662 0.826 0.289 0.021
0 0.403 0.481 0.686 0.035
0 0.426 0.546 0.732 0.060
1 0.431 0.641 0.036 0.019
2 0.274 0.690 0.425 0.160
1 0.885 0.641 0.035 0.019
2 0.728 0.690 0.425 0.159
2 0.728 0.236 0.425 0.160
2 0.274 0.237 0.425 0.159
1 0.125 0.090 0.028 0.015
5 0.501 0.090 0.869 0.066
4 0.501 0.014 0.999 0.026
