1 0.092 0.072 0.051 0.028
1 0.549 0.071 0.037 0.030
1 0.903 0.072 0.025 0.007
1 0.501 0.745 0.037 0.021
1 0.101 0.951 0.056 0.028
1 0.301 0.950 0.058 0.029
1 0.501 0.951 0.056 0.031
1 0.700 0.950 0.047 0.030
1 0.901 0.950 0.057 0.029
0 0.101 0.980 0.078 0.013
0 0.301 0.980 0.124 0.013
0 0.500 0.980 0.092 0.014
0 0.701 0.980 0.110 0.013
0 0.899 0.979 0.062 0.016
0 0.501 0.899 0.578 0.019
0 0.499 0.824 0.783 0.056
0 0.501 0.778 0.667 0.018
0 0.501 0.434 0.767 0.018
0 0.501 0.541 0.928 0.056
0 0.502 0.486 0.490 0.049
3 0.501 0.654 0.890 0.062
0 0.210 0.144 0.151 0.016
0 0.501 0.144 0.271 0.016
0 0.767 0.144 0.104 0.016
0 0.948 0.144 0.093 0.016
0 0.755 0.073 0.129 0.015
0 0.222 0.072 0.151 0.021
2 0.501 0.280 0.999 0.208
5 0.501 0.072 0.921 0.055
4 0.501 0.017 0.999 0.033
