0 0.304 0.161 0.361 0.031
7 0.265 0.221 0.278 0.029
0 0.323 0.221 0.163 0.023
7 0.256 0.287 0.258 0.029
0 0.313 0.288 0.143 0.021
7 0.281 0.354 0.308 0.031
0 0.338 0.356 0.193 0.027
7 0.228 0.420 0.204 0.031
0 0.287 0.421 0.087 0.028
7 0.315 0.484 0.376 0.029
0 0.372 0.484 0.261 0.023
7 0.266 0.551 0.276 0.031
0 0.323 0.553 0.163 0.027
7 0.244 0.616 0.232 0.032
0 0.300 0.618 0.119 0.027
7 0.268 0.681 0.283 0.029
0 0.325 0.681 0.169 0.023
7 0.357 0.747 0.458 0.030
0 0.414 0.748 0.344 0.028
7 0.328 0.812 0.401 0.028
0 0.385 0.812 0.287 0.023
0 0.828 0.883 0.051 0.017
0 0.650 0.884 0.142 0.017
4 0.501 0.017 0.999 0.033
