1 0.053 0.070 0.026 0.024
0 0.122 0.070 0.090 0.018
0 0.501 0.155 0.700 0.036
0 0.106 0.220 0.132 0.018
7 0.502 0.232 0.921 0.037
0 0.155 0.243 0.226 0.015
0 0.128 0.291 0.172 0.018
7 0.501 0.305 0.919 0.041
0 0.168 0.316 0.253 0.019
0 0.084 0.362 0.082 0.018
7 0.501 0.375 0.922 0.037
0 0.139 0.386 0.197 0.015
0 0.135 0.433 0.188 0.018
7 0.502 0.448 0.921 0.041
0 0.165 0.459 0.246 0.019
0 0.092 0.504 0.101 0.018
7 0.502 0.517 0.921 0.037
0 0.174 0.527 0.265 0.016
0 0.139 0.578 0.197 0.022
7 0.502 0.588 0.921 0.037
0 0.115 0.599 0.146 0.014
0 0.149 0.647 0.215 0.017
7 0.501 0.661 0.924 0.041
0 0.192 0.671 0.307 0.020
0 0.098 0.720 0.115 0.022
7 0.501 0.732 0.922 0.041
0 0.121 0.743 0.161 0.019
3 0.501 0.948 0.204 0.061
4 0.501 0.014 0.999 0.027
