0 0.222 0.073 0.151 0.020
0 0.755 0.073 0.129 0.016
0 0.236 0.144 0.264 0.016
0 0.503 0.144 0.108 0.015
0 0.683 0.144 0.093 0.015
0 0.857 0.144 0.092 0.015
0 0.501 0.239 0.131 0.023
0 0.501 0.277 0.381 0.031
0 0.101 0.980 0.078 0.013
0 0.301 0.980 0.122 0.013
0 0.500 0.980 0.092 0.013
0 0.701 0.980 0.110 0.013
0 0.901 0.980 0.060 0.013
1 0.101 0.950 0.057 0.029
1 0.301 0.951 0.058 0.029
1 0.501 0.951 0.056 0.030
1 0.699 0.950 0.049 0.030
1 0.901 0.951 0.057 0.027
1 0.550 0.071 0.039 0.029
1 0.903 0.072 0.025 0.008
3 0.251 0.859 0.467 0.073
3 0.751 0.858 0.465 0.073
3 0.751 0.397 0.465 0.073
3 0.751 0.489 0.465 0.073
3 0.751 0.582 0.465 0.072
3 0.751 0.674 0.465 0.073
3 0.751 0.766 0.465 0.073
3 0.251 0.766 0.465 0.073
3 0.251 0.673 0.465 0.073
3 0.251 0.581 0.465 0.073
3 0.251 0.489 0.465 0.073
3 0.251 0.397 0.464 0.073
1 0.092 0.073 0.051 0.028
2 0.501 0.264 0.999 0.174
5 0.500 0.072 0.922 0.055
4 0.501 0.017 0.999 0.033
