4 0.501 0.017 0.999 0.033
1 0.070 0.306 0.035 0.019
2 0.219 0.410 0.138 0.077
2 0.501 0.410 0.138 0.077
2 0.781 0.410 0.138 0.077
2 0.219 0.574 0.138 0.077
2 0.501 0.574 0.138 0.077
2 0.781 0.574 0.138 0.077
2 0.219 0.738 0.139 0.078
2 0.501 0.738 0.138 0.077
1 0.781 0.738 0.138 0.077
2 0.219 0.902 0.138 0.077
1 0.501 0.902 0.138 0.078
2 0.781 0.902 0.138 0.078
0 0.357 0.309 0.442 0.028
0 0.221 0.466 0.158 0.016
0 0.501 0.477 0.146 0.036
0 0.781 0.477 0.176 0.036
0 0.219 0.631 0.065 0.015
0 0.501 0.641 0.188 0.036
0 0.782 0.641 0.194 0.035
0 0.219 0.805 0.131 0.036
0 0.501 0.805 0.179 0.036
0 0.781 0.794 0.072 0.015
0 0.219 0.959 0.119 0.016
0 0.502 0.969 0.168 0.038
0 0.782 0.958 0.081 0.016
