0 0.472 0.115 0.590 0.025
0 0.232 0.198 0.128 0.020
0 0.415 0.282 0.494 0.021
0 0.356 0.365 0.374 0.021
0 0.385 0.449 0.432 0.021
0 0.235 0.531 0.133 0.016
0 0.402 0.616 0.468 0.020
0 0.269 0.700 0.203 0.021
0 0.351 0.783 0.364 0.021
0 0.265 0.865 0.190 0.017
0 0.126 0.986 0.078 0.012
0 0.376 0.985 0.172 0.013
0 0.627 0.986 0.107 0.016
0 0.876 0.984 0.144 0.013
1 0.876 0.956 0.054 0.030
1 0.626 0.955 0.054 0.026
1 0.376 0.956 0.057 0.029
1 0.126 0.955 0.056 0.031
2 0.099 0.864 0.085 0.046
2 0.099 0.780 0.042 0.040
2 0.098 0.697 0.062 0.035
2 0.097 0.614 0.067 0.029
2 0.098 0.530 0.065 0.035
2 0.099 0.446 0.044 0.038
2 0.098 0.363 0.057 0.034
2 0.098 0.280 0.079 0.041
2 0.099 0.196 0.086 0.037
1 0.109 0.112 0.046 0.026
5 0.501 0.113 0.924 0.078
4 0.501 0.017 0.999 0.033
