0 0.819 0.983 0.236 0.015
1 0.463 0.982 0.242 0.023
0 0.606 0.912 0.532 0.089
1 0.113 0.890 0.054 0.029
0 0.815 0.704 0.246 0.015
0 0.844 0.789 0.186 0.022
3 0.449 0.780 0.217 0.045
1 0.462 0.702 0.240 0.022
0 0.608 0.650 0.536 0.056
1 0.113 0.644 0.056 0.029
0 0.831 0.482 0.210 0.015
0 0.840 0.543 0.188 0.022
3 0.449 0.535 0.217 0.045
1 0.462 0.480 0.243 0.022
0 0.624 0.411 0.567 0.092
1 0.113 0.388 0.054 0.028
0 0.817 0.225 0.240 0.014
0 0.844 0.287 0.183 0.021
3 0.449 0.279 0.217 0.045
1 0.463 0.224 0.242 0.023
0 0.618 0.155 0.553 0.091
1 0.113 0.132 0.054 0.028
1 0.062 0.071 0.053 0.026
1 0.942 0.071 0.056 0.027
2 0.179 0.709 0.278 0.209
2 0.178 0.925 0.278 0.150
2 0.179 0.459 0.278 0.219
2 0.179 0.207 0.278 0.209
4 0.501 0.017 0.999 0.033
