0 0.171 0.230 0.258 0.017
3 0.501 0.608 0.865 0.077
3 0.502 0.520 0.865 0.078
0 0.502 0.430 0.821 0.047
0 0.500 0.359 0.703 0.061
0 0.212 0.182 0.339 0.028
1 0.852 0.201 0.221 0.123
1 0.917 0.069 0.050 0.027
2 0.819 0.068 0.074 0.030
0 0.501 0.069 0.144 0.015
0 0.101 0.975 0.061 0.009
0 0.301 0.976 0.093 0.009
0 0.501 0.975 0.110 0.010
0 0.701 0.975 0.093 0.010
0 0.901 0.976 0.086 0.009
1 0.900 0.939 0.058 0.033
1 0.701 0.939 0.060 0.034
1 0.501 0.939 0.056 0.032
1 0.301 0.939 0.058 0.033
1 0.101 0.939 0.058 0.034
4 0.501 0.014 0.999 0.026
