0 0.410 0.267 0.185 0.016
0 0.338 0.073 0.317 0.031
0 0.181 0.145 0.214 0.017
0 0.510 0.145 0.161 0.017
0 0.831 0.145 0.194 0.022
0 0.208 0.218 0.092 0.018
0 0.582 0.248 0.494 0.019
0 0.227 0.261 0.126 0.029
0 0.182 0.315 0.044 0.018
0 0.347 0.351 0.368 0.024
0 0.219 0.408 0.121 0.023
0 0.272 0.446 0.225 0.021
0 0.243 0.500 0.164 0.020
0 0.176 0.530 0.021 0.027
0 0.681 0.500 0.099 0.020
0 0.708 0.534 0.149 0.025
0 0.692 0.407 0.115 0.018
0 0.747 0.447 0.224 0.020
1 0.947 0.071 0.013 0.026
1 0.069 0.072 0.042 0.023
2 0.095 0.242 0.079 0.045
2 0.096 0.335 0.081 0.045
1 0.094 0.424 0.082 0.045
2 0.096 0.517 0.064 0.045
2 0.571 0.517 0.058 0.035
1 0.468 0.539 0.022 0.013
1 0.940 0.539 0.024 0.013
1 0.567 0.425 0.079 0.045
3 0.501 0.945 0.944 0.078
4 0.501 0.017 0.999 0.033
