0 0.320 0.075 0.399 0.024
0 0.899 0.979 0.065 0.015
1 0.897 0.950 0.056 0.031
0 0.501 0.824 0.172 0.020
0 0.570 0.886 0.040 0.015
0 0.091 0.886 0.040 0.015
2 0.078 0.699 0.118 0.066
2 0.078 0.611 0.118 0.066
2 0.079 0.524 0.117 0.066
2 0.079 0.436 0.117 0.066
2 0.079 0.349 0.117 0.066
2 0.079 0.261 0.117 0.066
1 0.101 0.950 0.051 0.029
1 0.301 0.951 0.051 0.027
1 0.433 0.890 0.054 0.027
1 0.912 0.890 0.054 0.027
1 0.501 0.951 0.051 0.029
1 0.701 0.950 0.051 0.030
2 0.741 0.892 0.443 0.063
2 0.260 0.892 0.443 0.063
0 0.699 0.979 0.054 0.015
0 0.500 0.979 0.106 0.016
0 0.301 0.979 0.136 0.015
0 0.101 0.979 0.089 0.015
0 0.500 0.787 0.236 0.025
0 0.398 0.700 0.438 0.020
0 0.299 0.615 0.240 0.025
0 0.304 0.526 0.250 0.020
0 0.295 0.438 0.237 0.020
0 0.337 0.351 0.321 0.020
0 0.201 0.263 0.049 0.020
0 0.501 0.195 0.411 0.025
0 0.500 0.153 0.125 0.020
1 0.068 0.072 0.047 0.027
1 0.932 0.073 0.036 0.027
5 0.500 0.071 0.961 0.055
4 0.501 0.017 0.999 0.033
