0 0.506 0.071 0.358 0.020
2 0.732 0.896 0.442 0.032
2 0.271 0.896 0.442 0.032
1 0.106 0.072 0.043 0.023
1 0.203 0.072 0.064 0.023
1 0.760 0.072 0.146 0.052
1 0.917 0.075 0.060 0.035
2 0.732 0.256 0.442 0.248
2 0.271 0.256 0.442 0.248
0 0.215 0.425 0.324 0.049
0 0.731 0.424 0.440 0.048
0 0.665 0.797 0.308 0.047
0 0.241 0.800 0.379 0.051
2 0.935 0.477 0.037 0.021
2 0.475 0.477 0.036 0.021
2 0.272 0.630 0.442 0.248
2 0.732 0.630 0.442 0.250
4 0.501 0.017 0.999 0.033
0 0.160 0.477 0.221 0.017
0 0.622 0.477 0.221 0.019
0 0.172 0.851 0.243 0.019
2 0.476 0.851 0.035 0.020
0 0.622 0.850 0.219 0.018
2 0.935 0.851 0.035 0.020
0 0.101 0.988 0.119 0.013
0 0.301 0.989 0.072 0.013
0 0.501 0.988 0.060 0.014
0 0.701 0.988 0.156 0.014
0 0.901 0.990 0.107 0.017
1 0.901 0.959 0.049 0.029
2 0.701 0.960 0.060 0.034
1 0.501 0.960 0.060 0.034
2 0.301 0.959 0.040 0.029
5 0.562 0.072 0.560 0.060
1 0.101 0.959 0.058 0.033
