0 0.623 0.559 0.232 0.019
0 0.572 0.590 0.131 0.015
0 0.688 0.621 0.361 0.020
0 0.577 0.650 0.143 0.018
0 0.117 0.591 0.131 0.016
0 0.230 0.621 0.365 0.020
0 0.117 0.650 0.135 0.018
0 0.751 0.142 0.294 0.018
0 0.249 0.142 0.121 0.018
1 0.322 0.281 0.044 0.024
1 0.781 0.281 0.044 0.025
0 0.836 0.281 0.042 0.015
0 0.379 0.281 0.042 0.015
0 0.210 0.206 0.318 0.020
0 0.681 0.682 0.350 0.016
2 0.697 0.431 0.331 0.174
2 0.501 0.893 0.588 0.215
0 0.175 0.682 0.253 0.016
2 0.247 0.431 0.176 0.168
1 0.945 0.074 0.043 0.024
1 0.823 0.071 0.054 0.030
1 0.706 0.071 0.060 0.034
1 0.589 0.071 0.044 0.024
0 0.069 0.071 0.057 0.035
4 0.490 0.014 0.976 0.026
