0 0.420 0.062 0.485 0.027
0 0.490 0.090 0.631 0.017
0 0.165 0.159 0.069 0.013
0 0.506 0.158 0.082 0.012
0 0.840 0.158 0.057 0.012
0 0.328 0.220 0.332 0.022
0 0.425 0.257 0.522 0.020
0 0.366 0.614 0.607 0.030
0 0.247 0.659 0.372 0.022
0 0.837 0.654 0.151 0.027
2 0.500 0.886 0.961 0.229
3 0.436 0.716 0.289 0.047
1 0.156 0.716 0.188 0.018
2 0.501 0.438 0.961 0.273
1 0.069 0.072 0.040 0.023
1 0.779 0.059 0.036 0.020
1 0.946 0.070 0.014 0.025
2 0.506 0.133 0.050 0.028
1 0.167 0.135 0.056 0.027
1 0.840 0.133 0.047 0.027
2 0.101 0.235 0.043 0.041
4 0.501 0.017 0.999 0.033
