0 0.101 0.987 0.060 0.015
1 0.101 0.955 0.068 0.032
4 0.501 0.014 0.999 0.027
0 0.278 0.479 0.221 0.024
1 0.070 0.476 0.046 0.042
0 0.244 0.403 0.154 0.024
1 0.070 0.400 0.071 0.041
1 0.069 0.323 0.069 0.034
0 0.278 0.324 0.226 0.020
1 0.069 0.247 0.089 0.050
0 0.256 0.249 0.178 0.023
0 0.115 0.133 0.142 0.027
1 0.301 0.957 0.060 0.037
1 0.500 0.957 0.056 0.036
0 0.300 0.986 0.069 0.013
0 0.502 0.986 0.076 0.013
1 0.699 0.955 0.053 0.034
0 0.701 0.986 0.082 0.013
1 0.899 0.959 0.054 0.009
0 0.901 0.986 0.060 0.013
