0 0.444 0.403 0.244 0.021
0 0.419 0.246 0.193 0.022
0 0.612 0.449 0.579 0.044
2 0.171 0.428 0.244 0.138
0 0.374 0.613 0.636 0.043
3 0.178 0.694 0.182 0.031
2 0.483 0.793 0.844 0.255
2 0.170 0.271 0.243 0.138
0 0.609 0.295 0.574 0.048
0 0.531 0.072 0.229 0.027
0 0.299 0.150 0.492 0.041
2 0.381 0.071 0.053 0.035
0 0.876 0.978 0.103 0.016
0 0.627 0.978 0.132 0.016
0 0.376 0.977 0.092 0.017
0 0.127 0.978 0.104 0.016
1 0.126 0.949 0.042 0.023
1 0.376 0.948 0.049 0.026
2 0.625 0.948 0.056 0.021
1 0.875 0.949 0.058 0.033
4 0.501 0.017 0.999 0.032
