0 0.212 0.077 0.165 0.017
0 0.922 0.912 0.094 0.025
0 0.924 0.515 0.085 0.024
0 0.885 0.946 0.168 0.020
0 0.885 0.549 0.168 0.019
0 0.808 0.981 0.326 0.025
0 0.297 0.964 0.529 0.054
0 0.169 0.912 0.274 0.020
2 0.501 0.758 0.999 0.253
0 0.800 0.585 0.342 0.026
0 0.297 0.568 0.529 0.055
0 0.196 0.518 0.325 0.024
2 0.501 0.361 0.999 0.252
0 0.194 0.208 0.332 0.021
1 0.938 0.077 0.054 0.028
3 0.902 0.150 0.151 0.055
3 0.652 0.150 0.301 0.055
3 0.252 0.150 0.451 0.055
1 0.074 0.077 0.036 0.020
5 0.435 0.076 0.818 0.057
4 0.501 0.017 0.999 0.033
