0 0.319 0.075 0.400 0.025
0 0.326 0.925 0.294 0.024
0 0.440 0.836 0.522 0.020
0 0.402 0.750 0.449 0.025
0 0.264 0.662 0.172 0.025
0 0.410 0.575 0.461 0.023
0 0.321 0.487 0.283 0.025
0 0.321 0.401 0.283 0.023
0 0.353 0.311 0.354 0.020
0 0.299 0.223 0.243 0.019
1 0.932 0.072 0.036 0.027
5 0.500 0.071 0.961 0.055
1 0.068 0.072 0.047 0.027
4 0.501 0.017 0.999 0.033
2 0.079 0.982 0.156 0.035
2 0.079 0.921 0.156 0.087
2 0.079 0.834 0.156 0.087
2 0.079 0.747 0.156 0.087
2 0.079 0.659 0.156 0.087
2 0.079 0.572 0.156 0.087
2 0.079 0.484 0.156 0.087
2 0.079 0.397 0.156 0.087
2 0.079 0.309 0.156 0.087
2 0.079 0.221 0.156 0.088
0 0.173 0.145 0.265 0.015
