0 0.339 0.080 0.317 0.027
1 0.900 0.962 0.050 0.028
1 0.698 0.961 0.051 0.029
1 0.501 0.961 0.051 0.026
1 0.299 0.961 0.043 0.024
1 0.101 0.961 0.046 0.023
2 0.117 0.186 0.157 0.088
2 0.118 0.318 0.156 0.088
2 0.117 0.449 0.157 0.088
2 0.117 0.580 0.157 0.088
2 0.117 0.711 0.157 0.088
2 0.118 0.843 0.156 0.088
0 0.388 0.843 0.300 0.024
0 0.328 0.712 0.186 0.025
0 0.397 0.581 0.319 0.024
0 0.331 0.449 0.192 0.025
0 0.342 0.318 0.215 0.025
0 0.305 0.187 0.135 0.025
1 0.117 0.077 0.044 0.026
5 0.501 0.077 0.922 0.066
4 0.501 0.014 0.999 0.027
