0 0.478 0.063 0.342 0.023
1 0.104 0.062 0.039 0.022
4 0.501 0.014 0.999 0.027
5 0.500 0.066 0.922 0.067
0 0.503 0.157 0.450 0.027
2 0.183 0.268 0.269 0.159
2 0.501 0.268 0.269 0.159
2 0.818 0.268 0.269 0.159
0 0.500 0.432 0.322 0.021
0 0.292 0.547 0.443 0.051
0 0.850 0.564 0.158 0.015
1 0.912 0.509 0.040 0.022
0 0.501 0.666 0.569 0.028
0 0.501 0.724 0.692 0.047
2 0.500 0.836 0.922 0.132
1 0.102 0.939 0.060 0.034
1 0.301 0.939 0.058 0.033
1 0.501 0.940 0.057 0.033
1 0.700 0.939 0.061 0.034
1 0.899 0.939 0.060 0.033
0 0.101 0.975 0.061 0.010
0 0.301 0.975 0.094 0.010
0 0.501 0.975 0.110 0.010
0 0.701 0.975 0.094 0.010
0 0.900 0.975 0.086 0.010
