4 0.501 0.017 0.999 0.033
1 0.069 0.071 0.040 0.018
0 0.346 0.073 0.339 0.027
3 0.135 0.143 0.190 0.045
3 0.394 0.143 0.256 0.045
3 0.716 0.143 0.315 0.045
3 0.956 0.143 0.087 0.045
1 0.942 0.072 0.040 0.026
0 0.628 0.250 0.586 0.067
0 0.548 0.319 0.432 0.020
0 0.429 0.357 0.192 0.016
1 0.942 0.345 0.051 0.025
2 0.161 0.276 0.244 0.138
2 0.161 0.463 0.244 0.138
0 0.519 0.439 0.376 0.073
0 0.528 0.505 0.392 0.020
0 0.414 0.543 0.161 0.016
2 0.163 0.649 0.244 0.138
0 0.520 0.626 0.376 0.073
0 0.529 0.693 0.392 0.020
0 0.414 0.730 0.161 0.016
2 0.162 0.835 0.243 0.138
0 0.572 0.813 0.483 0.073
0 0.537 0.879 0.412 0.020
0 0.590 0.919 0.519 0.020
0 0.518 0.974 0.369 0.023
2 0.161 0.977 0.244 0.047
1 0.942 0.531 0.051 0.025
1 0.941 0.904 0.051 0.025
1 0.942 0.718 0.051 0.025
