0 0.501 0.071 0.263 0.017
0 0.890 0.146 0.144 0.017
0 0.215 0.149 0.350 0.027
0 0.456 0.218 0.833 0.057
0 0.157 0.497 0.214 0.053
0 0.646 0.481 0.356 0.022
0 0.944 0.479 0.111 0.016
0 0.944 0.513 0.111 0.015
0 0.526 0.512 0.111 0.016
0 0.108 0.548 0.111 0.016
0 0.217 0.647 0.357 0.027
0 0.890 0.644 0.144 0.017
0 0.253 0.697 0.425 0.022
0 0.101 0.986 0.135 0.013
0 0.300 0.984 0.092 0.011
0 0.501 0.986 0.093 0.013
0 0.701 0.986 0.110 0.013
0 0.899 0.984 0.082 0.010
1 0.101 0.952 0.061 0.038
1 0.300 0.952 0.064 0.037
1 0.499 0.952 0.049 0.038
2 0.700 0.952 0.044 0.037
1 0.899 0.952 0.065 0.035
2 0.235 0.360 0.371 0.160
2 0.655 0.360 0.371 0.159
2 0.944 0.360 0.113 0.160
2 0.235 0.832 0.371 0.182
2 0.654 0.832 0.372 0.183
2 0.944 0.832 0.111 0.182
4 0.501 0.017 0.999 0.033
