0 0.212 0.077 0.165 0.017
0 0.894 0.911 0.151 0.025
0 0.873 0.946 0.193 0.019
0 0.501 0.981 0.939 0.025
0 0.320 0.947 0.579 0.021
0 0.164 0.912 0.264 0.020
0 0.873 0.549 0.193 0.019
0 0.502 0.585 0.938 0.026
0 0.322 0.551 0.579 0.021
0 0.501 0.516 0.938 0.027
2 0.501 0.758 0.999 0.253
2 0.500 0.362 0.997 0.253
0 0.194 0.208 0.336 0.021
1 0.938 0.077 0.056 0.029
3 0.652 0.150 0.301 0.055
3 0.901 0.150 0.153 0.055
3 0.252 0.150 0.451 0.055
1 0.074 0.077 0.036 0.020
5 0.435 0.076 0.819 0.057
4 0.501 0.017 0.999 0.033
