1 0.359 0.856 0.037 0.022
0 0.548 0.857 0.304 0.015
1 0.359 0.559 0.037 0.022
0 0.515 0.561 0.240 0.018
1 0.359 0.296 0.037 0.022
0 0.836 0.625 0.200 0.020
0 0.826 0.819 0.222 0.014
1 0.463 0.520 0.242 0.023
0 0.635 0.749 0.590 0.089
0 0.601 0.469 0.524 0.055
0 0.823 0.521 0.226 0.014
0 0.844 0.922 0.186 0.020
3 0.449 0.914 0.217 0.045
1 0.463 0.818 0.242 0.023
0 0.515 0.298 0.240 0.018
2 0.179 0.816 0.278 0.260
1 0.113 0.726 0.054 0.029
3 0.449 0.616 0.217 0.045
2 0.178 0.536 0.279 0.227
1 0.113 0.463 0.054 0.028
0 0.844 0.361 0.188 0.021
0 0.837 0.259 0.201 0.014
3 0.449 0.353 0.217 0.045
1 0.463 0.257 0.242 0.023
0 0.606 0.189 0.526 0.090
2 0.179 0.256 0.278 0.260
1 0.113 0.166 0.054 0.028
1 0.062 0.071 0.053 0.026
1 0.941 0.071 0.054 0.026
4 0.501 0.017 0.999 0.033
