0 0.319 0.075 0.400 0.023
2 0.080 0.261 0.118 0.066
2 0.081 0.349 0.114 0.066
2 0.078 0.436 0.118 0.066
2 0.083 0.524 0.108 0.063
2 0.078 0.611 0.118 0.066
2 0.078 0.699 0.118 0.066
2 0.079 0.786 0.117 0.066
2 0.078 0.873 0.118 0.066
1 0.101 0.950 0.051 0.029
1 0.301 0.951 0.051 0.027
1 0.501 0.951 0.051 0.029
1 0.701 0.951 0.051 0.030
1 0.899 0.950 0.056 0.030
0 0.899 0.979 0.065 0.015
0 0.699 0.979 0.054 0.015
0 0.499 0.979 0.104 0.016
0 0.301 0.979 0.138 0.015
0 0.101 0.979 0.089 0.015
0 0.318 0.875 0.281 0.020
0 0.274 0.787 0.193 0.020
0 0.463 0.703 0.571 0.024
0 0.363 0.615 0.368 0.025
0 0.392 0.528 0.426 0.024
0 0.239 0.441 0.125 0.023
0 0.273 0.351 0.188 0.020
0 0.201 0.263 0.049 0.020
0 0.501 0.194 0.411 0.025
0 0.501 0.155 0.289 0.025
1 0.068 0.072 0.047 0.027
1 0.932 0.073 0.036 0.027
5 0.501 0.072 0.960 0.055
4 0.501 0.017 0.999 0.033
