0 0.298 0.074 0.240 0.021
0 0.501 0.141 0.160 0.023
0 0.123 0.323 0.179 0.024
0 0.390 0.323 0.192 0.023
0 0.658 0.320 0.106 0.020
0 0.919 0.320 0.163 0.021
0 0.501 0.409 0.163 0.022
0 0.125 0.589 0.086 0.020
0 0.391 0.589 0.138 0.020
0 0.658 0.589 0.146 0.020
0 0.916 0.589 0.168 0.020
0 0.122 0.858 0.128 0.020
0 0.390 0.859 0.126 0.020
0 0.658 0.858 0.072 0.020
0 0.906 0.858 0.188 0.020
3 0.501 0.966 0.999 0.069
0 0.495 0.679 0.138 0.022
1 0.069 0.070 0.050 0.020
1 0.932 0.071 0.056 0.030
2 0.123 0.229 0.243 0.137
2 0.391 0.229 0.243 0.137
2 0.658 0.229 0.243 0.137
2 0.902 0.229 0.196 0.137
2 0.123 0.497 0.243 0.138
2 0.390 0.497 0.244 0.138
2 0.658 0.497 0.243 0.138
2 0.902 0.497 0.196 0.138
2 0.123 0.766 0.243 0.137
2 0.390 0.766 0.244 0.137
2 0.658 0.766 0.243 0.137
2 0.902 0.766 0.196 0.137
4 0.501 0.017 0.999 0.033
