0 0.150 0.673 0.208 0.023
0 0.201 0.584 0.310 0.022
0 0.361 0.402 0.133 0.022
0 0.160 0.267 0.231 0.020
0 0.122 0.184 0.157 0.014
5 0.500 0.591 0.922 0.036
5 0.500 0.680 0.922 0.037
5 0.622 0.409 0.661 0.036
5 0.501 0.274 0.922 0.034
5 0.500 0.190 0.922 0.027
0 0.231 0.075 0.167 0.027
0 0.168 0.389 0.086 0.030
0 0.425 0.482 0.769 0.022
0 0.493 0.779 0.906 0.073
3 0.501 0.962 0.999 0.077
1 0.069 0.072 0.042 0.023
2 0.073 0.386 0.065 0.030
1 0.247 0.386 0.033 0.010
1 0.913 0.675 0.054 0.027
4 0.501 0.017 0.999 0.033
