0 0.501 0.170 0.835 0.048
0 0.501 0.239 0.910 0.067
0 0.167 0.443 0.237 0.048
0 0.499 0.439 0.104 0.020
0 0.833 0.441 0.256 0.025
0 0.168 0.645 0.083 0.021
0 0.500 0.645 0.106 0.020
0 0.836 0.648 0.217 0.048
0 0.168 0.855 0.150 0.048
0 0.501 0.852 0.092 0.020
0 0.833 0.852 0.206 0.020
3 0.501 0.962 0.999 0.077
1 0.893 0.093 0.061 0.034
2 0.168 0.350 0.219 0.124
2 0.501 0.350 0.221 0.124
2 0.833 0.350 0.219 0.124
2 0.168 0.556 0.219 0.124
2 0.501 0.556 0.221 0.124
2 0.833 0.556 0.219 0.124
2 0.167 0.762 0.221 0.124
2 0.501 0.762 0.221 0.124
2 0.834 0.762 0.221 0.124
2 0.168 0.915 0.219 0.017
2 0.501 0.915 0.221 0.017
2 0.833 0.915 0.219 0.017
4 0.501 0.017 0.999 0.033
