4 0.501 0.017 0.999 0.033
1 0.060 0.066 0.047 0.020
3 0.878 0.134 0.214 0.045
0 0.103 0.136 0.121 0.018
1 0.054 0.205 0.075 0.041
3 0.911 0.209 0.128 0.037
0 0.294 0.205 0.385 0.023
0 0.136 0.281 0.200 0.027
1 0.956 0.278 0.019 0.020
0 0.813 0.280 0.235 0.022
0 0.808 0.349 0.285 0.020
0 0.117 0.353 0.163 0.027
7 0.492 0.424 0.910 0.029
0 0.208 0.424 0.340 0.028
2 0.054 0.504 0.075 0.042
0 0.192 0.506 0.176 0.028
7 0.495 0.571 0.918 0.030
0 0.160 0.572 0.249 0.027
0 0.822 0.641 0.253 0.021
0 0.161 0.642 0.247 0.022
0 0.244 0.716 0.414 0.027
7 0.492 0.716 0.910 0.027
0 0.177 0.812 0.279 0.027
7 0.492 0.812 0.910 0.027
7 0.496 0.907 0.917 0.030
0 0.202 0.909 0.329 0.028
5 0.385 0.135 0.739 0.055
