0 0.206 0.072 0.364 0.026
0 0.501 0.250 0.054 0.021
0 0.501 0.526 0.240 0.022
0 0.501 0.802 0.329 0.021
0 0.084 0.983 0.068 0.013
0 0.252 0.985 0.096 0.016
0 0.419 0.983 0.087 0.013
0 0.586 0.984 0.069 0.013
0 0.751 0.985 0.114 0.016
0 0.917 0.984 0.037 0.013
1 0.893 0.858 0.139 0.077
1 0.917 0.945 0.057 0.034
1 0.751 0.945 0.054 0.034
1 0.583 0.945 0.069 0.031
2 0.417 0.945 0.068 0.042
1 0.250 0.945 0.058 0.030
1 0.085 0.945 0.062 0.030
1 0.941 0.071 0.060 0.034
2 0.501 0.249 0.999 0.273
2 0.501 0.525 0.999 0.273
2 0.501 0.791 0.999 0.253
4 0.501 0.017 0.999 0.033
