0 0.328 0.070 0.251 0.020
0 0.400 0.195 0.681 0.080
0 0.343 0.411 0.564 0.028
0 0.201 0.552 0.146 0.037
0 0.501 0.552 0.164 0.037
0 0.803 0.554 0.161 0.040
0 0.201 0.707 0.171 0.037
0 0.500 0.707 0.186 0.037
0 0.803 0.707 0.161 0.037
0 0.363 0.808 0.607 0.022
0 0.126 0.986 0.079 0.012
0 0.376 0.985 0.174 0.013
0 0.626 0.987 0.108 0.016
0 0.876 0.985 0.144 0.013
1 0.875 0.955 0.056 0.031
1 0.625 0.956 0.056 0.026
1 0.376 0.956 0.057 0.029
1 0.126 0.955 0.056 0.031
2 0.200 0.897 0.072 0.030
2 0.501 0.896 0.068 0.032
2 0.802 0.896 0.068 0.037
2 0.201 0.646 0.062 0.038
2 0.501 0.646 0.068 0.038
2 0.802 0.646 0.068 0.037
2 0.200 0.491 0.075 0.039
2 0.501 0.491 0.051 0.040
2 0.801 0.491 0.072 0.027
1 0.109 0.297 0.046 0.026
1 0.069 0.070 0.049 0.020
2 0.167 0.071 0.062 0.029
0 0.472 0.300 0.592 0.024
5 0.501 0.298 0.924 0.078
4 0.501 0.017 0.999 0.033
