0 0.253 0.072 0.354 0.015
0 0.277 0.222 0.396 0.055
0 0.292 0.276 0.422 0.019
0 0.256 0.350 0.353 0.012
0 0.278 0.498 0.396 0.056
0 0.292 0.552 0.422 0.019
0 0.256 0.626 0.353 0.013
0 0.278 0.775 0.396 0.057
0 0.301 0.829 0.440 0.020
0 0.256 0.902 0.353 0.013
0 0.168 0.981 0.089 0.011
0 0.501 0.981 0.118 0.011
0 0.834 0.981 0.090 0.011
1 0.167 0.951 0.054 0.031
1 0.501 0.951 0.054 0.028
1 0.833 0.951 0.036 0.028
2 0.501 0.174 0.924 0.266
2 0.501 0.450 0.924 0.266
2 0.501 0.727 0.921 0.266
2 0.501 0.897 0.924 0.053
4 0.501 0.017 0.999 0.033
