4 0.501 0.017 0.999 0.033
1 0.099 0.089 0.108 0.062
0 0.240 0.089 0.086 0.020
1 0.933 0.088 0.040 0.023
0 0.242 0.278 0.128 0.021
0 0.290 0.341 0.224 0.018
2 0.069 0.275 0.057 0.021
1 0.069 0.340 0.051 0.027
1 0.070 0.186 0.060 0.034
0 0.273 0.187 0.193 0.017
1 0.068 0.406 0.044 0.025
1 0.069 0.472 0.056 0.020
0 0.310 0.407 0.264 0.018
0 0.269 0.474 0.183 0.022
1 0.068 0.538 0.044 0.027
2 0.069 0.604 0.050 0.027
0 0.263 0.540 0.169 0.021
0 0.306 0.605 0.257 0.022
0 0.272 0.669 0.189 0.017
1 0.069 0.669 0.036 0.026
1 0.069 0.735 0.053 0.027
1 0.069 0.824 0.049 0.029
0 0.244 0.826 0.136 0.021
1 0.069 0.889 0.051 0.028
0 0.215 0.891 0.075 0.022
1 0.097 0.962 0.050 0.028
1 0.287 0.961 0.044 0.025
1 0.481 0.962 0.056 0.023
1 0.671 0.962 0.047 0.027
1 0.883 0.951 0.047 0.019
0 0.884 0.978 0.085 0.017
0 0.346 0.737 0.336 0.022
