0 0.324 0.823 0.564 0.047
2 0.840 0.770 0.244 0.137
2 0.841 0.566 0.243 0.138
2 0.842 0.320 0.242 0.137
1 0.952 0.027 0.040 0.023
0 0.500 0.185 0.639 0.025
0 0.586 0.097 0.128 0.030
2 0.499 0.080 0.507 0.159
0 0.265 0.312 0.450 0.113
0 0.500 0.415 0.917 0.048
0 0.314 0.538 0.544 0.071
0 0.337 0.620 0.593 0.047
0 0.327 0.742 0.571 0.071
0 0.442 0.873 0.803 0.047
0 0.824 0.988 0.053 0.014
0 0.176 0.987 0.046 0.012
2 0.175 0.962 0.078 0.025
0 0.501 0.987 0.064 0.011
1 0.501 0.962 0.043 0.025
1 0.823 0.961 0.046 0.023
