0 0.222 0.073 0.151 0.020
0 0.190 0.530 0.099 0.016
0 0.247 0.772 0.099 0.016
0 0.748 0.770 0.099 0.015
0 0.744 0.285 0.100 0.016
0 0.755 0.073 0.129 0.015
0 0.903 0.144 0.193 0.016
0 0.678 0.144 0.097 0.016
0 0.501 0.144 0.093 0.016
0 0.326 0.144 0.094 0.016
0 0.146 0.144 0.103 0.016
0 0.742 0.315 0.246 0.026
0 0.189 0.564 0.178 0.027
0 0.747 0.802 0.278 0.027
0 0.249 0.804 0.167 0.025
0 0.101 0.980 0.078 0.013
0 0.301 0.980 0.124 0.013
0 0.499 0.980 0.092 0.013
0 0.701 0.980 0.110 0.013
0 0.900 0.980 0.061 0.013
1 0.101 0.951 0.056 0.028
1 0.301 0.950 0.057 0.029
1 0.501 0.950 0.057 0.030
1 0.701 0.951 0.049 0.030
1 0.900 0.950 0.056 0.027
1 0.903 0.072 0.025 0.008
1 0.549 0.071 0.039 0.030
1 0.092 0.072 0.051 0.029
5 0.501 0.072 0.921 0.055
2 0.501 0.300 0.999 0.249
2 0.501 0.550 0.999 0.248
2 0.250 0.799 0.497 0.249
2 0.750 0.799 0.500 0.249
4 0.501 0.017 0.999 0.033
