0 0.537 0.182 0.410 0.020
0 0.497 0.407 0.333 0.016
0 0.549 0.512 0.435 0.020
0 0.241 0.767 0.399 0.027
1 0.101 0.968 0.047 0.027
1 0.301 0.967 0.049 0.027
1 0.501 0.966 0.050 0.025
1 0.701 0.968 0.040 0.029
1 0.901 0.968 0.013 0.023
0 0.645 0.866 0.618 0.067
2 0.161 0.879 0.244 0.112
1 0.942 0.581 0.049 0.024
0 0.423 0.550 0.182 0.016
0 0.644 0.467 0.621 0.030
2 0.163 0.512 0.244 0.138
1 0.941 0.394 0.051 0.026
0 0.544 0.370 0.425 0.020
0 0.573 0.300 0.482 0.067
2 0.163 0.326 0.244 0.138
1 0.942 0.208 0.051 0.025
0 0.592 0.222 0.521 0.020
0 0.512 0.113 0.360 0.067
2 0.162 0.139 0.243 0.138
4 0.501 0.017 0.999 0.033
