0 0.211 0.077 0.167 0.017
0 0.923 0.903 0.090 0.024
0 0.924 0.506 0.087 0.024
0 0.885 0.936 0.169 0.020
0 0.885 0.540 0.169 0.019
0 0.812 0.971 0.318 0.026
0 0.297 0.955 0.531 0.055
0 0.179 0.905 0.294 0.025
2 0.501 0.749 0.999 0.254
0 0.795 0.575 0.349 0.025
0 0.298 0.558 0.532 0.055
0 0.257 0.506 0.450 0.021
2 0.501 0.357 0.999 0.243
0 0.194 0.208 0.332 0.021
1 0.939 0.077 0.056 0.029
3 0.901 0.150 0.153 0.055
3 0.652 0.150 0.301 0.055
3 0.252 0.150 0.451 0.055
1 0.074 0.077 0.036 0.020
5 0.435 0.076 0.818 0.057
4 0.501 0.017 0.999 0.033
