0 0.319 0.075 0.399 0.024
1 0.932 0.072 0.036 0.027
1 0.069 0.072 0.049 0.028
4 0.501 0.017 0.999 0.033
0 0.347 0.616 0.342 0.023
0 0.399 0.527 0.443 0.025
0 0.301 0.441 0.244 0.023
0 0.347 0.350 0.336 0.020
0 0.201 0.263 0.050 0.020
0 0.501 0.194 0.411 0.024
0 0.500 0.153 0.247 0.019
5 0.501 0.072 0.961 0.056
2 0.078 0.524 0.118 0.066
2 0.078 0.436 0.118 0.064
2 0.078 0.349 0.118 0.066
2 0.078 0.261 0.118 0.066
2 0.080 0.611 0.118 0.066
2 0.079 0.699 0.117 0.066
0 0.357 0.702 0.356 0.025
0 0.325 0.788 0.294 0.020
2 0.079 0.785 0.117 0.064
0 0.400 0.875 0.447 0.020
2 0.081 0.876 0.113 0.033
1 0.101 0.951 0.051 0.030
0 0.101 0.979 0.089 0.015
1 0.301 0.950 0.051 0.026
0 0.301 0.979 0.136 0.015
1 0.501 0.950 0.051 0.029
0 0.500 0.979 0.106 0.016
1 0.701 0.950 0.051 0.030
0 0.699 0.980 0.054 0.014
1 0.899 0.950 0.056 0.030
0 0.899 0.979 0.065 0.015
