4 0.500 0.012 0.999 0.022
1 0.057 0.055 0.032 0.034
0 0.500 0.060 0.181 0.026
2 0.507 0.214 0.337 0.056
0 0.343 0.300 0.486 0.033
5 0.495 0.349 0.795 0.041
0 0.203 0.349 0.165 0.015
5 0.495 0.403 0.795 0.041
0 0.202 0.404 0.163 0.014
5 0.495 0.458 0.795 0.041
0 0.181 0.458 0.122 0.015
5 0.495 0.512 0.795 0.041
0 0.160 0.512 0.078 0.015
5 0.494 0.566 0.794 0.041
0 0.193 0.567 0.147 0.014
5 0.492 0.621 0.795 0.041
0 0.253 0.622 0.265 0.018
3 0.242 0.684 0.291 0.048
7 0.359 0.738 0.543 0.035
0 0.402 0.740 0.457 0.019
