1 0.047 0.058 0.031 0.029
0 0.149 0.059 0.149 0.023
0 0.501 0.060 0.103 0.021
0 0.202 0.129 0.089 0.019
0 0.473 0.190 0.847 0.036
0 0.309 0.277 0.518 0.022
0 0.490 0.347 0.879 0.058
0 0.275 0.430 0.449 0.014
0 0.254 0.483 0.193 0.022
0 0.194 0.542 0.076 0.022
0 0.495 0.601 0.892 0.036
0 0.128 0.674 0.158 0.014
0 0.254 0.724 0.406 0.019
0 0.496 0.798 0.892 0.061
0 0.187 0.870 0.273 0.014
0 0.220 0.922 0.336 0.022
2 0.084 0.128 0.072 0.040
2 0.084 0.480 0.072 0.040
2 0.084 0.539 0.072 0.040
4 0.500 0.011 0.999 0.022
