1 0.046 0.058 0.031 0.029
0 0.112 0.058 0.075 0.018
0 0.502 0.060 0.235 0.021
0 0.907 0.058 0.087 0.016
0 0.134 0.121 0.165 0.019
7 0.503 0.166 0.903 0.028
0 0.139 0.167 0.175 0.016
7 0.502 0.223 0.905 0.028
0 0.142 0.224 0.184 0.018
7 0.503 0.280 0.903 0.028
0 0.099 0.280 0.095 0.017
7 0.503 0.337 0.903 0.028
0 0.142 0.337 0.180 0.018
7 0.502 0.394 0.905 0.028
0 0.102 0.395 0.104 0.016
0 0.141 0.444 0.186 0.017
0 0.218 0.535 0.333 0.025
7 0.502 0.577 0.906 0.028
1 0.146 0.578 0.193 0.022
0 0.315 0.578 0.128 0.016
7 0.502 0.634 0.905 0.028
1 0.146 0.635 0.193 0.022
0 0.316 0.635 0.127 0.016
0 0.209 0.745 0.315 0.019
7 0.503 0.791 0.903 0.028
0 0.182 0.791 0.261 0.017
3 0.501 0.882 0.903 0.077
1 0.101 0.959 0.055 0.029
1 0.899 0.959 0.050 0.028
1 0.300 0.959 0.050 0.025
1 0.499 0.960 0.050 0.025
1 0.699 0.960 0.050 0.021
0 0.301 0.985 0.084 0.013
0 0.700 0.985 0.066 0.013
0 0.500 0.987 0.060 0.016
0 0.101 0.986 0.072 0.012
0 0.899 0.986 0.104 0.012
4 0.500 0.011 0.999 0.022
