2 0.419 0.961 0.143 0.078
2 0.905 0.974 0.131 0.053
2 0.884 0.767 0.173 0.101
2 0.882 0.625 0.178 0.113
2 0.405 0.765 0.173 0.106
2 0.368 0.633 0.246 0.096
2 0.428 0.493 0.124 0.104
2 0.866 0.508 0.213 0.072
2 0.884 0.356 0.172 0.101
2 0.404 0.344 0.172 0.126
2 0.416 0.206 0.150 0.126
2 0.872 0.218 0.198 0.104
1 0.548 0.794 0.023 0.016
1 0.067 0.794 0.023 0.016
1 0.067 0.657 0.023 0.016
1 0.548 0.657 0.023 0.016
1 0.548 0.520 0.023 0.016
1 0.548 0.383 0.023 0.016
1 0.067 0.383 0.023 0.016
1 0.067 0.245 0.023 0.016
0 0.152 0.301 0.196 0.021
0 0.171 0.438 0.244 0.023
0 0.151 0.575 0.196 0.023
0 0.151 0.712 0.198 0.022
0 0.166 0.942 0.233 0.048
0 0.170 0.883 0.284 0.024
0 0.624 0.926 0.180 0.018
0 0.610 0.710 0.159 0.017
0 0.594 0.575 0.124 0.022
0 0.647 0.436 0.229 0.017
0 0.610 0.299 0.159 0.016
0 0.566 0.161 0.064 0.017
0 0.096 0.162 0.085 0.017
0 0.199 0.118 0.341 0.026
0 0.856 0.058 0.189 0.017
1 0.046 0.058 0.030 0.029
0 0.500 0.059 0.226 0.024
0 0.175 0.058 0.196 0.018
4 0.500 0.011 0.999 0.022
