2 0.853 0.911 0.219 0.044
2 0.339 0.911 0.305 0.044
2 0.337 0.180 0.308 0.173
2 0.818 0.163 0.286 0.138
2 0.810 0.419 0.302 0.120
2 0.366 0.433 0.251 0.134
2 0.380 0.712 0.221 0.170
2 0.833 0.692 0.258 0.136
2 0.897 0.959 0.054 0.029
1 0.700 0.959 0.052 0.029
1 0.101 0.959 0.055 0.028
1 0.300 0.959 0.050 0.028
1 0.500 0.959 0.049 0.028
0 0.500 0.991 0.085 0.010
0 0.899 0.991 0.126 0.010
0 0.698 0.992 0.104 0.013
0 0.629 0.573 0.156 0.022
0 0.627 0.842 0.148 0.026
0 0.300 0.990 0.081 0.011
0 0.101 0.991 0.068 0.010
0 0.157 0.839 0.149 0.021
0 0.199 0.577 0.233 0.027
0 0.175 0.309 0.186 0.022
0 0.694 0.312 0.283 0.028
1 0.923 0.059 0.060 0.028
1 0.599 0.049 0.031 0.010
0 0.501 0.049 0.133 0.016
0 0.500 0.074 0.185 0.014
4 0.500 0.011 0.999 0.022
