2 0.500 0.204 0.201 0.113
2 0.501 0.427 0.201 0.113
1 0.500 0.649 0.200 0.113
2 0.500 0.850 0.200 0.113
2 0.901 0.960 0.060 0.038
1 0.699 0.960 0.056 0.038
2 0.500 0.959 0.068 0.038
1 0.301 0.960 0.067 0.038
2 0.101 0.959 0.050 0.038
0 0.900 0.991 0.110 0.014
0 0.699 0.989 0.100 0.011
0 0.499 0.989 0.055 0.011
0 0.302 0.989 0.099 0.012
0 0.101 0.989 0.063 0.011
0 0.501 0.922 0.589 0.017
0 0.501 0.733 0.611 0.039
0 0.500 0.521 0.694 0.061
0 0.499 0.298 0.651 0.061
0 0.809 0.116 0.168 0.017
0 0.554 0.115 0.116 0.014
0 0.340 0.114 0.088 0.014
0 0.147 0.115 0.075 0.014
0 0.501 0.057 0.167 0.019
4 0.501 0.012 0.998 0.022
