2 0.101 0.959 0.061 0.029
0 0.101 0.987 0.062 0.010
0 0.288 0.987 0.088 0.010
1 0.288 0.959 0.041 0.029
2 0.500 0.964 0.189 0.035
1 0.712 0.959 0.058 0.024
0 0.712 0.986 0.093 0.009
0 0.899 0.987 0.112 0.010
1 0.899 0.959 0.048 0.026
1 0.944 0.734 0.015 0.014
1 0.945 0.674 0.015 0.014
1 0.944 0.614 0.014 0.014
1 0.944 0.528 0.015 0.014
0 0.390 0.734 0.487 0.019
1 0.077 0.735 0.048 0.025
1 0.076 0.674 0.052 0.029
0 0.297 0.673 0.299 0.015
2 0.077 0.615 0.056 0.026
0 0.263 0.614 0.232 0.015
1 0.077 0.529 0.050 0.026
0 0.254 0.528 0.213 0.018
0 0.251 0.437 0.133 0.015
0 0.750 0.437 0.174 0.015
2 0.701 0.334 0.027 0.016
0 0.797 0.334 0.148 0.013
2 0.563 0.334 0.143 0.027
0 0.331 0.334 0.218 0.010
2 0.153 0.333 0.048 0.028
0 0.502 0.243 0.791 0.072
0 0.499 0.159 0.217 0.020
0 0.499 0.057 0.195 0.016
4 0.500 0.011 0.999 0.022
