4 0.515 0.025 0.866 0.014
0 0.126 0.945 0.066 0.009
0 0.374 0.944 0.072 0.009
0 0.625 0.944 0.064 0.009
0 0.876 0.944 0.070 0.009
1 0.375 0.923 0.072 0.025
1 0.625 0.923 0.041 0.025
1 0.875 0.923 0.054 0.025
1 0.126 0.923 0.048 0.025
0 0.833 0.883 0.176 0.011
0 0.824 0.850 0.163 0.036
2 0.862 0.805 0.276 0.188
0 0.494 0.883 0.176 0.012
0 0.511 0.851 0.209 0.036
2 0.543 0.805 0.314 0.189
0 0.157 0.883 0.175 0.012
0 0.161 0.851 0.184 0.039
2 0.206 0.805 0.315 0.189
0 0.275 0.677 0.443 0.024
0 0.833 0.586 0.175 0.012
0 0.840 0.554 0.193 0.036
2 0.862 0.509 0.276 0.190
0 0.494 0.586 0.176 0.012
0 0.536 0.556 0.261 0.039
2 0.543 0.509 0.314 0.190
0 0.157 0.586 0.176 0.011
0 0.203 0.554 0.267 0.039
2 0.206 0.509 0.315 0.190
0 0.271 0.380 0.439 0.024
0 0.833 0.290 0.176 0.012
0 0.821 0.256 0.150 0.036
2 0.862 0.212 0.276 0.190
0 0.495 0.290 0.175 0.012
0 0.534 0.259 0.252 0.038
2 0.543 0.212 0.315 0.190
0 0.157 0.290 0.176 0.011
0 0.167 0.258 0.198 0.038
2 0.205 0.212 0.314 0.190
0 0.309 0.084 0.511 0.023
