0 0.725 0.957 0.310 0.010
2 0.725 0.863 0.180 0.093
0 0.274 0.947 0.213 0.030
2 0.275 0.867 0.128 0.088
0 0.725 0.730 0.188 0.030
2 0.726 0.656 0.214 0.075
0 0.274 0.730 0.275 0.030
2 0.274 0.639 0.181 0.102
0 0.725 0.523 0.092 0.010
2 0.725 0.432 0.145 0.057
0 0.274 0.523 0.324 0.010
2 0.275 0.429 0.140 0.087
0 0.725 0.295 0.285 0.030
2 0.725 0.212 0.158 0.064
0 0.274 0.295 0.324 0.030
2 0.274 0.212 0.171 0.086
1 0.571 0.109 0.028 0.016
0 0.308 0.110 0.472 0.015
0 0.110 0.062 0.119 0.012
4 0.500 0.011 0.999 0.021
