0 0.409 0.060 0.461 0.021
0 0.355 0.121 0.352 0.019
0 0.841 0.121 0.214 0.019
0 0.614 0.267 0.132 0.015
0 0.762 0.310 0.431 0.062
0 0.748 0.358 0.094 0.016
0 0.633 0.385 0.173 0.014
0 0.624 0.406 0.155 0.017
0 0.714 0.438 0.331 0.015
0 0.754 0.502 0.296 0.057
0 0.674 0.548 0.154 0.013
0 0.741 0.668 0.386 0.062
0 0.760 0.719 0.117 0.016
0 0.634 0.746 0.174 0.013
0 0.612 0.766 0.131 0.015
0 0.714 0.798 0.331 0.015
0 0.754 0.863 0.296 0.057
0 0.674 0.909 0.154 0.013
3 0.500 0.955 0.233 0.047
1 0.566 0.908 0.039 0.018
2 0.565 0.863 0.043 0.015
2 0.565 0.842 0.041 0.014
1 0.622 0.718 0.141 0.017
1 0.566 0.547 0.039 0.018
2 0.565 0.502 0.043 0.015
2 0.565 0.481 0.041 0.014
1 0.623 0.357 0.143 0.017
1 0.066 0.054 0.056 0.025
1 0.739 0.057 0.045 0.024
1 0.833 0.058 0.050 0.027
1 0.928 0.058 0.055 0.029
1 0.822 0.187 0.027 0.009
1 0.593 0.187 0.027 0.009
1 0.397 0.187 0.027 0.009
3 0.130 0.186 0.187 0.044
3 0.337 0.186 0.206 0.044
3 0.544 0.186 0.185 0.044
3 0.757 0.186 0.217 0.044
3 0.938 0.186 0.123 0.044
2 0.273 0.405 0.507 0.178
2 0.273 0.771 0.508 0.178
4 0.500 0.011 0.999 0.022
