0 0.488 0.923 0.230 0.020
2 0.488 0.773 0.926 0.372
0 0.130 0.561 0.152 0.030
1 0.614 0.462 0.197 0.016
0 0.874 0.490 0.097 0.017
0 0.858 0.464 0.130 0.012
0 0.688 0.430 0.345 0.017
0 0.711 0.404 0.393 0.017
2 0.721 0.281 0.446 0.204
0 0.399 0.490 0.097 0.016
0 0.383 0.463 0.130 0.012
1 0.138 0.462 0.198 0.016
0 0.238 0.428 0.395 0.014
0 0.229 0.404 0.382 0.017
2 0.246 0.281 0.446 0.203
3 0.903 0.146 0.148 0.041
0 0.388 0.148 0.667 0.031
1 0.061 0.058 0.026 0.027
0 0.502 0.059 0.303 0.026
1 0.906 0.057 0.047 0.025
1 0.800 0.058 0.048 0.024
4 0.500 0.011 0.999 0.022
