0 0.663 0.522 0.108 0.011
0 0.700 0.450 0.184 0.011
0 0.647 0.381 0.074 0.011
0 0.669 0.312 0.119 0.011
0 0.339 0.520 0.068 0.010
0 0.377 0.450 0.143 0.011
0 0.362 0.381 0.113 0.010
0 0.356 0.312 0.100 0.011
1 0.552 0.312 0.062 0.034
1 0.552 0.381 0.065 0.037
1 0.552 0.450 0.061 0.035
1 0.552 0.522 0.063 0.035
1 0.245 0.312 0.075 0.034
1 0.245 0.381 0.065 0.036
1 0.245 0.450 0.063 0.030
1 0.245 0.520 0.067 0.040
0 0.500 0.702 0.668 0.040
3 0.751 0.967 0.497 0.065
3 0.249 0.967 0.497 0.065
6 0.500 0.901 0.114 0.008
0 0.499 0.139 0.291 0.014
4 0.500 0.011 0.999 0.021
