0 0.295 0.568 0.356 0.019
0 0.207 0.501 0.197 0.018
0 0.181 0.435 0.155 0.018
0 0.217 0.368 0.219 0.019
0 0.208 0.301 0.180 0.019
0 0.169 0.235 0.119 0.018
0 0.197 0.168 0.176 0.018
0 0.171 0.104 0.113 0.022
0 0.926 0.059 0.089 0.017
0 0.853 0.971 0.204 0.013
0 0.155 0.973 0.085 0.019
1 0.061 0.971 0.035 0.016
2 0.064 0.501 0.040 0.019
1 0.061 0.434 0.035 0.019
2 0.064 0.367 0.039 0.024
1 0.068 0.300 0.048 0.019
2 0.064 0.234 0.040 0.029
1 0.063 0.167 0.039 0.029
1 0.062 0.101 0.035 0.016
4 0.500 0.012 0.999 0.024
