0 0.501 0.059 0.221 0.023
1 0.903 0.056 0.064 0.030
3 0.227 0.171 0.242 0.060
3 0.640 0.171 0.508 0.060
1 0.142 0.303 0.062 0.035
1 0.142 0.377 0.059 0.034
1 0.142 0.449 0.071 0.028
1 0.141 0.522 0.062 0.033
1 0.142 0.596 0.062 0.035
1 0.143 0.669 0.071 0.029
2 0.142 0.743 0.059 0.034
1 0.142 0.816 0.046 0.030
1 0.126 0.956 0.073 0.038
1 0.376 0.956 0.088 0.033
1 0.624 0.956 0.062 0.031
1 0.875 0.956 0.068 0.039
0 0.875 0.988 0.109 0.010
0 0.625 0.984 0.068 0.010
0 0.376 0.985 0.060 0.010
0 0.126 0.987 0.064 0.010
0 0.354 0.816 0.233 0.019
0 0.337 0.745 0.200 0.024
0 0.511 0.669 0.551 0.019
0 0.528 0.598 0.582 0.024
0 0.461 0.525 0.449 0.024
0 0.370 0.452 0.266 0.024
0 0.355 0.378 0.239 0.024
0 0.431 0.303 0.393 0.019
4 0.500 0.011 0.999 0.022
