0 0.449 0.059 0.109 0.017
0 0.165 0.461 0.233 0.014
0 0.151 0.486 0.203 0.019
0 0.155 0.510 0.214 0.019
0 0.651 0.463 0.232 0.012
0 0.657 0.487 0.244 0.019
0 0.637 0.510 0.202 0.015
0 0.564 0.541 0.058 0.014
0 0.075 0.541 0.059 0.015
0 0.100 0.990 0.115 0.011
0 0.300 0.990 0.081 0.011
0 0.499 0.992 0.081 0.013
0 0.699 0.992 0.043 0.013
0 0.899 0.990 0.058 0.011
0 0.100 0.959 0.097 0.021
1 0.300 0.959 0.081 0.029
1 0.498 0.959 0.056 0.029
1 0.699 0.959 0.046 0.031
1 0.899 0.959 0.061 0.010
2 0.874 0.784 0.180 0.101
1 0.054 0.065 0.021 0.019
1 0.569 0.060 0.048 0.015
1 0.132 0.569 0.165 0.017
1 0.619 0.569 0.167 0.017
2 0.258 0.795 0.457 0.276
2 0.743 0.795 0.457 0.276
2 0.258 0.284 0.457 0.334
2 0.742 0.284 0.457 0.334
3 0.500 0.060 0.291 0.044
4 0.500 0.011 0.999 0.022
