1 0.076 0.130 0.035 0.020
0 0.501 0.130 0.109 0.018
0 0.145 0.203 0.170 0.018
7 0.501 0.240 0.884 0.053
0 0.347 0.245 0.576 0.044
0 0.148 0.314 0.177 0.017
7 0.501 0.352 0.883 0.053
0 0.374 0.357 0.629 0.043
0 0.134 0.425 0.147 0.017
7 0.501 0.464 0.883 0.054
0 0.386 0.469 0.654 0.043
0 0.324 0.622 0.525 0.035
7 0.502 0.689 0.882 0.031
0 0.122 0.691 0.121 0.022
7 0.502 0.752 0.882 0.031
0 0.119 0.751 0.118 0.018
7 0.501 0.814 0.883 0.031
0 0.130 0.814 0.142 0.017
0 0.120 0.875 0.124 0.018
3 0.773 0.953 0.378 0.062
0 0.122 0.953 0.124 0.015
4 0.500 0.011 0.999 0.022
