0 0.502 0.059 0.140 0.023
0 0.149 0.059 0.150 0.023
0 0.319 0.165 0.323 0.019
0 0.239 0.225 0.163 0.018
0 0.249 0.285 0.184 0.019
0 0.254 0.344 0.193 0.019
0 0.221 0.404 0.126 0.018
0 0.320 0.466 0.325 0.023
0 0.266 0.525 0.217 0.022
0 0.340 0.586 0.366 0.023
0 0.227 0.643 0.140 0.018
0 0.216 0.703 0.116 0.019
0 0.236 0.763 0.156 0.018
0 0.351 0.824 0.386 0.022
0 0.310 0.882 0.305 0.019
0 0.458 0.945 0.818 0.039
0 0.882 0.165 0.051 0.019
1 0.046 0.058 0.031 0.029
1 0.942 0.164 0.020 0.018
1 0.942 0.224 0.020 0.019
1 0.942 0.284 0.020 0.018
1 0.942 0.343 0.020 0.019
1 0.942 0.403 0.020 0.018
1 0.943 0.463 0.019 0.019
1 0.942 0.522 0.020 0.019
1 0.942 0.582 0.020 0.019
1 0.942 0.642 0.020 0.018
1 0.942 0.702 0.020 0.018
1 0.942 0.762 0.020 0.018
1 0.942 0.821 0.020 0.018
1 0.942 0.881 0.020 0.018
2 0.085 0.881 0.071 0.040
2 0.084 0.822 0.072 0.040
1 0.084 0.762 0.072 0.040
1 0.084 0.702 0.071 0.040
1 0.085 0.642 0.071 0.040
2 0.084 0.582 0.072 0.040
1 0.085 0.523 0.071 0.040
1 0.085 0.463 0.071 0.040
2 0.084 0.403 0.071 0.040
2 0.085 0.343 0.071 0.040
2 0.085 0.284 0.071 0.040
2 0.084 0.224 0.072 0.040
1 0.085 0.164 0.071 0.040
4 0.500 0.011 0.999 0.022
