0 0.359 0.076 0.349 0.022
0 0.100 0.981 0.105 0.011
0 0.300 0.982 0.078 0.010
0 0.500 0.982 0.065 0.010
0 0.700 0.982 0.074 0.010
0 0.900 0.981 0.094 0.011
1 0.901 0.950 0.059 0.033
1 0.700 0.950 0.054 0.029
1 0.501 0.950 0.052 0.032
1 0.301 0.950 0.059 0.029
1 0.101 0.950 0.050 0.031
0 0.663 0.876 0.014 0.012
1 0.581 0.875 0.130 0.014
0 0.642 0.852 0.250 0.020
0 0.665 0.812 0.299 0.039
0 0.562 0.777 0.094 0.011
1 0.124 0.875 0.130 0.014
0 0.214 0.876 0.030 0.012
0 0.183 0.852 0.245 0.020
0 0.222 0.814 0.323 0.043
0 0.112 0.777 0.105 0.010
1 0.904 0.621 0.039 0.020
2 0.729 0.681 0.427 0.160
1 0.447 0.621 0.039 0.020
2 0.273 0.681 0.428 0.160
1 0.580 0.557 0.130 0.014
0 0.660 0.558 0.010 0.012
0 0.642 0.533 0.251 0.020
0 0.700 0.505 0.367 0.014
0 0.733 0.481 0.341 0.014
1 0.537 0.481 0.042 0.022
0 0.556 0.458 0.082 0.010
1 0.124 0.556 0.130 0.014
0 0.203 0.558 0.009 0.011
0 0.186 0.533 0.250 0.020
0 0.207 0.493 0.291 0.039
0 0.112 0.458 0.105 0.010
1 0.904 0.302 0.039 0.020
2 0.728 0.362 0.428 0.160
1 0.447 0.302 0.039 0.020
2 0.273 0.362 0.428 0.160
0 0.465 0.222 0.810 0.051
0 0.477 0.166 0.829 0.032
1 0.123 0.074 0.037 0.021
5 0.501 0.074 0.886 0.065
4 0.500 0.011 0.999 0.022
