0 0.184 0.056 0.126 0.018
1 0.085 0.057 0.035 0.019
0 0.416 0.197 0.199 0.016
0 0.523 0.320 0.415 0.016
0 0.363 0.442 0.093 0.016
0 0.400 0.564 0.167 0.016
0 0.377 0.686 0.122 0.016
0 0.431 0.873 0.229 0.016
1 0.934 0.196 0.021 0.021
1 0.934 0.318 0.022 0.021
1 0.934 0.441 0.021 0.021
1 0.934 0.563 0.021 0.021
1 0.934 0.685 0.021 0.021
1 0.934 0.873 0.021 0.021
2 0.169 0.197 0.168 0.095
2 0.169 0.319 0.167 0.094
2 0.169 0.441 0.168 0.095
2 0.169 0.563 0.168 0.095
2 0.170 0.686 0.167 0.095
2 0.170 0.873 0.168 0.095
5 0.500 0.058 0.903 0.049
0 0.145 0.116 0.190 0.014
0 0.157 0.792 0.215 0.014
1 0.101 0.959 0.068 0.039
1 0.301 0.959 0.068 0.039
1 0.499 0.959 0.069 0.036
1 0.699 0.959 0.069 0.038
1 0.899 0.959 0.069 0.039
0 0.101 0.991 0.063 0.011
0 0.301 0.991 0.070 0.011
0 0.500 0.991 0.094 0.011
0 0.698 0.991 0.036 0.011
0 0.899 0.992 0.071 0.014
4 0.500 0.011 0.999 0.022
