0 0.153 0.393 0.199 0.022
0 0.203 0.489 0.295 0.018
0 0.136 0.588 0.161 0.018
0 0.240 0.689 0.370 0.022
0 0.179 0.806 0.251 0.022
0 0.889 0.404 0.183 0.019
0 0.926 0.599 0.107 0.015
0 0.940 0.707 0.079 0.015
0 0.922 0.836 0.118 0.019
0 0.204 0.946 0.315 0.032
0 0.349 0.849 0.594 0.054
0 0.304 0.723 0.502 0.036
0 0.315 0.614 0.522 0.017
0 0.419 0.515 0.729 0.014
0 0.267 0.417 0.423 0.016
0 0.175 0.309 0.261 0.035
0 0.205 0.218 0.296 0.017
0 0.143 0.132 0.190 0.029
1 0.091 0.058 0.050 0.026
0 0.500 0.056 0.222 0.030
4 0.500 0.011 0.999 0.022
