2 0.910 0.526 0.180 0.413
0 0.371 0.075 0.374 0.019
1 0.122 0.074 0.023 0.023
3 0.315 0.147 0.169 0.044
3 0.132 0.147 0.151 0.044
0 0.432 0.198 0.739 0.032
0 0.492 0.252 0.866 0.048
0 0.306 0.765 0.415 0.018
0 0.930 0.764 0.140 0.018
0 0.929 0.810 0.140 0.044
0 0.413 0.821 0.633 0.064
0 0.100 0.981 0.105 0.011
0 0.300 0.981 0.078 0.011
0 0.500 0.981 0.065 0.011
0 0.700 0.981 0.074 0.011
0 0.900 0.981 0.094 0.011
1 0.102 0.950 0.051 0.031
1 0.301 0.951 0.059 0.029
1 0.500 0.950 0.052 0.032
1 0.700 0.949 0.054 0.030
1 0.900 0.950 0.060 0.034
2 0.426 0.526 0.735 0.413
5 0.500 0.074 0.886 0.065
4 0.500 0.011 0.999 0.022
