1 0.875 0.959 0.052 0.029
0 0.167 0.279 0.242 0.036
0 0.499 0.279 0.213 0.036
0 0.297 0.423 0.417 0.026
0 0.268 0.624 0.378 0.022
0 0.651 0.638 0.225 0.051
0 0.238 0.696 0.320 0.017
0 0.229 0.745 0.300 0.017
0 0.192 0.794 0.224 0.017
0 0.193 0.843 0.230 0.017
0 0.209 0.892 0.259 0.017
0 0.875 0.990 0.098 0.011
0 0.626 0.990 0.075 0.011
0 0.376 0.990 0.103 0.011
0 0.126 0.990 0.068 0.011
0 0.638 0.920 0.202 0.017
0 0.640 0.870 0.204 0.014
0 0.629 0.821 0.182 0.014
0 0.624 0.772 0.171 0.014
0 0.627 0.724 0.178 0.014
0 0.833 0.270 0.246 0.017
1 0.928 0.058 0.055 0.029
1 0.066 0.054 0.055 0.025
2 0.167 0.184 0.257 0.091
2 0.500 0.184 0.257 0.091
2 0.834 0.185 0.257 0.091
2 0.730 0.533 0.286 0.109
2 0.270 0.533 0.285 0.109
1 0.125 0.958 0.052 0.019
2 0.375 0.960 0.052 0.025
2 0.624 0.958 0.054 0.024
4 0.500 0.011 0.999 0.022
