0 0.117 0.106 0.132 0.007
0 0.116 0.077 0.130 0.015
0 0.543 0.089 0.467 0.013
1 0.268 0.088 0.031 0.017
4 0.500 0.011 0.999 0.021
2 0.351 0.726 0.603 0.390
2 0.850 0.726 0.300 0.390
5 0.534 0.089 0.628 0.082
1 0.905 0.088 0.040 0.020
1 0.969 0.504 0.014 0.014
1 0.101 0.945 0.045 0.026
2 0.303 0.945 0.048 0.023
1 0.500 0.945 0.048 0.023
2 0.698 0.945 0.031 0.027
2 0.899 0.944 0.061 0.024
0 0.332 0.193 0.475 0.045
0 0.213 0.504 0.325 0.014
0 0.872 0.504 0.155 0.014
0 0.101 0.979 0.069 0.011
0 0.304 0.980 0.105 0.014
0 0.501 0.979 0.120 0.011
0 0.698 0.979 0.069 0.012
0 0.900 0.980 0.132 0.014
3 0.485 0.362 0.274 0.036
2 0.500 0.274 0.999 0.245
6 0.508 0.425 0.048 0.010
