0 0.163 0.567 0.190 0.018
0 0.145 0.468 0.152 0.014
0 0.146 0.369 0.154 0.014
0 0.141 0.245 0.146 0.014
5 0.500 0.566 0.903 0.041
5 0.500 0.467 0.903 0.041
5 0.500 0.368 0.903 0.041
5 0.500 0.245 0.903 0.041
1 0.076 0.057 0.032 0.030
3 0.501 0.968 0.807 0.049
0 0.455 0.638 0.809 0.041
0 0.157 0.527 0.210 0.016
0 0.140 0.428 0.176 0.015
0 0.141 0.329 0.179 0.016
0 0.184 0.287 0.266 0.017
0 0.501 0.059 0.320 0.023
0 0.295 0.122 0.489 0.026
0 0.441 0.163 0.782 0.019
0 0.136 0.206 0.169 0.015
4 0.500 0.011 0.999 0.022
