0 0.403 0.253 0.105 0.021
0 0.406 0.341 0.183 0.017
1 0.900 0.963 0.059 0.020
1 0.698 0.963 0.069 0.033
1 0.500 0.963 0.056 0.030
1 0.301 0.962 0.061 0.031
1 0.101 0.963 0.060 0.035
1 0.072 0.863 0.039 0.022
1 0.071 0.777 0.034 0.019
1 0.072 0.689 0.039 0.023
1 0.071 0.602 0.040 0.022
2 0.071 0.515 0.039 0.019
1 0.071 0.428 0.039 0.022
2 0.070 0.341 0.036 0.021
1 0.072 0.254 0.039 0.022
1 0.071 0.168 0.035 0.022
1 0.070 0.081 0.031 0.021
0 0.396 0.865 0.505 0.021
0 0.305 0.777 0.326 0.021
0 0.239 0.691 0.195 0.021
0 0.231 0.601 0.176 0.021
0 0.255 0.517 0.230 0.020
0 0.303 0.430 0.318 0.021
0 0.223 0.341 0.160 0.017
0 0.239 0.252 0.196 0.017
0 0.262 0.169 0.242 0.021
0 0.253 0.080 0.218 0.017
4 0.500 0.011 0.999 0.021
