0 0.912 0.066 0.096 0.017
0 0.917 0.042 0.014 0.011
1 0.946 0.041 0.029 0.017
0 0.502 0.060 0.441 0.022
0 0.206 0.154 0.333 0.027
0 0.108 0.256 0.137 0.027
0 0.217 0.357 0.359 0.027
0 0.153 0.459 0.227 0.027
0 0.111 0.558 0.143 0.022
0 0.187 0.663 0.296 0.027
0 0.278 0.765 0.481 0.027
0 0.272 0.864 0.467 0.022
0 0.101 0.991 0.068 0.010
0 0.301 0.990 0.106 0.011
0 0.500 0.992 0.153 0.013
0 0.698 0.991 0.081 0.011
0 0.899 0.990 0.097 0.011
1 0.953 0.152 0.023 0.021
1 0.953 0.254 0.023 0.021
1 0.953 0.355 0.023 0.021
1 0.953 0.457 0.023 0.021
1 0.953 0.559 0.023 0.021
1 0.953 0.661 0.023 0.021
1 0.953 0.763 0.023 0.021
1 0.953 0.865 0.023 0.021
1 0.101 0.959 0.045 0.025
1 0.300 0.959 0.050 0.024
1 0.499 0.959 0.045 0.025
1 0.698 0.959 0.048 0.027
1 0.899 0.959 0.050 0.028
2 0.826 0.151 0.117 0.040
2 0.839 0.252 0.086 0.062
2 0.826 0.355 0.110 0.050
2 0.840 0.457 0.071 0.062
2 0.835 0.559 0.076 0.055
2 0.807 0.660 0.109 0.062
2 0.801 0.762 0.122 0.067
2 0.830 0.864 0.111 0.053
4 0.500 0.011 0.999 0.022
