0 0.523 0.057 0.101 0.016
1 0.442 0.058 0.035 0.020
2 0.928 0.057 0.054 0.024
0 0.101 0.966 0.048 0.027
1 0.300 0.966 0.070 0.027
1 0.499 0.966 0.049 0.028
1 0.699 0.966 0.050 0.025
1 0.899 0.966 0.050 0.028
0 0.205 0.846 0.255 0.016
0 0.141 0.644 0.126 0.016
0 0.177 0.442 0.196 0.016
0 0.152 0.240 0.144 0.015
0 0.268 0.124 0.141 0.014
0 0.729 0.125 0.075 0.013
2 0.836 0.243 0.192 0.173
2 0.858 0.443 0.206 0.178
2 0.818 0.661 0.287 0.088
2 0.843 0.845 0.237 0.176
5 0.501 0.057 0.961 0.044
4 0.500 0.011 0.999 0.022
