0 0.439 0.526 0.033 0.015
0 0.439 0.691 0.032 0.016
0 0.946 0.197 0.031 0.014
0 0.878 0.221 0.166 0.013
0 0.922 0.247 0.079 0.013
0 0.921 0.904 0.080 0.013
0 0.878 0.878 0.167 0.013
0 0.955 0.855 0.014 0.014
0 0.921 0.740 0.080 0.013
0 0.878 0.714 0.167 0.013
0 0.946 0.690 0.031 0.014
0 0.921 0.575 0.081 0.013
0 0.878 0.550 0.167 0.013
0 0.946 0.526 0.031 0.014
0 0.921 0.411 0.080 0.013
0 0.946 0.362 0.031 0.014
0 0.439 0.362 0.033 0.015
0 0.439 0.198 0.033 0.015
0 0.477 0.060 0.622 0.020
0 0.117 0.104 0.085 0.014
0 0.372 0.104 0.143 0.014
0 0.628 0.104 0.165 0.014
0 0.885 0.104 0.141 0.014
0 0.388 0.170 0.287 0.023
0 0.457 0.235 0.432 0.041
0 0.559 0.335 0.634 0.023
0 0.471 0.499 0.461 0.023
0 0.324 0.661 0.164 0.018
0 0.359 0.828 0.229 0.023
0 0.526 0.990 0.562 0.018
0 0.457 0.399 0.432 0.041
0 0.878 0.386 0.166 0.014
0 0.457 0.563 0.432 0.041
0 0.457 0.728 0.432 0.042
0 0.474 0.880 0.465 0.068
1 0.812 0.057 0.031 0.010
1 0.915 0.055 0.047 0.034
2 0.122 0.205 0.167 0.087
2 0.121 0.370 0.170 0.096
2 0.121 0.535 0.171 0.096
2 0.120 0.698 0.159 0.086
2 0.121 0.863 0.171 0.096
2 0.121 0.992 0.125 0.016
1 0.326 0.197 0.169 0.018
1 0.326 0.361 0.168 0.019
1 0.326 0.526 0.167 0.019
1 0.326 0.690 0.168 0.019
4 0.500 0.011 0.999 0.022
