0 0.275 0.114 0.304 0.022
1 0.100 0.959 0.048 0.030
1 0.298 0.959 0.058 0.034
1 0.499 0.960 0.061 0.029
1 0.696 0.959 0.063 0.034
1 0.899 0.958 0.044 0.029
0 0.900 0.990 0.033 0.010
0 0.699 0.989 0.050 0.010
0 0.500 0.989 0.105 0.011
0 0.300 0.990 0.081 0.011
0 0.100 0.991 0.086 0.013
0 0.085 0.798 0.082 0.015
0 0.119 0.771 0.152 0.014
0 0.590 0.771 0.133 0.014
0 0.565 0.798 0.082 0.015
0 0.678 0.430 0.311 0.014
0 0.565 0.457 0.082 0.015
0 0.135 0.430 0.185 0.014
0 0.085 0.457 0.082 0.015
0 0.500 0.059 0.398 0.022
1 0.430 0.444 0.064 0.029
1 0.911 0.444 0.064 0.029
1 0.911 0.785 0.064 0.029
1 0.430 0.784 0.064 0.030
1 0.087 0.112 0.038 0.022
1 0.045 0.057 0.030 0.029
2 0.260 0.626 0.442 0.249
2 0.740 0.626 0.442 0.249
2 0.740 0.888 0.442 0.091
2 0.260 0.887 0.442 0.091
2 0.260 0.285 0.442 0.249
2 0.740 0.285 0.442 0.249
5 0.500 0.113 0.904 0.049
4 0.500 0.011 0.999 0.021
