0 0.211 0.223 0.157 0.022
1 0.102 0.224 0.036 0.021
1 0.953 0.896 0.019 0.018
1 0.953 0.820 0.019 0.018
0 0.126 0.894 0.180 0.019
0 0.134 0.821 0.194 0.022
0 0.818 0.744 0.143 0.018
0 0.500 0.744 0.167 0.018
0 0.816 0.490 0.102 0.018
0 0.501 0.489 0.090 0.018
0 0.183 0.489 0.101 0.018
0 0.184 0.744 0.111 0.019
2 0.817 0.658 0.294 0.235
2 0.500 0.658 0.294 0.234
2 0.183 0.658 0.294 0.235
2 0.817 0.403 0.295 0.235
2 0.500 0.403 0.294 0.235
2 0.184 0.403 0.293 0.235
5 0.501 0.222 0.928 0.068
0 0.179 0.119 0.256 0.037
1 0.300 0.956 0.060 0.029
0 0.101 0.990 0.068 0.014
0 0.300 0.989 0.076 0.010
0 0.500 0.989 0.075 0.010
0 0.698 0.991 0.105 0.013
0 0.900 0.989 0.069 0.010
1 0.899 0.958 0.048 0.033
1 0.700 0.957 0.048 0.034
1 0.500 0.957 0.060 0.034
1 0.100 0.958 0.062 0.033
4 0.500 0.011 0.999 0.022
