4 0.501 0.012 0.998 0.022
0 0.502 0.060 0.166 0.025
0 0.117 0.058 0.085 0.017
0 0.137 0.119 0.221 0.017
0 0.288 0.177 0.521 0.021
0 0.140 0.235 0.229 0.018
0 0.153 0.294 0.260 0.017
0 0.218 0.354 0.382 0.017
0 0.228 0.416 0.409 0.021
0 0.172 0.479 0.290 0.022
0 0.068 0.534 0.083 0.019
0 0.181 0.594 0.310 0.021
0 0.140 0.654 0.227 0.022
0 0.140 0.714 0.225 0.022
0 0.181 0.776 0.307 0.022
0 0.139 0.832 0.225 0.022
0 0.137 0.889 0.226 0.018
0 0.153 0.949 0.252 0.017
1 0.943 0.948 0.021 0.017
1 0.942 0.889 0.021 0.017
1 0.942 0.829 0.021 0.017
1 0.942 0.651 0.022 0.017
1 0.942 0.591 0.021 0.017
1 0.942 0.531 0.022 0.017
1 0.046 0.058 0.032 0.031
