0 0.636 0.534 0.194 0.017
0 0.126 0.648 0.172 0.018
0 0.087 0.593 0.094 0.019
0 0.138 0.534 0.196 0.018
5 0.518 0.658 0.964 0.038
5 0.769 0.545 0.461 0.039
5 0.518 0.604 0.964 0.041
0 0.112 0.058 0.123 0.018
2 0.453 0.061 0.226 0.043
0 0.902 0.058 0.098 0.018
0 0.500 0.453 0.891 0.064
0 0.548 0.730 0.486 0.023
0 0.501 0.799 0.031 0.011
0 0.553 0.870 0.423 0.023
0 0.500 0.937 0.584 0.017
1 0.270 0.868 0.067 0.038
2 0.238 0.727 0.060 0.037
2 0.624 0.056 0.075 0.047
2 0.500 0.214 0.871 0.213
3 0.277 0.376 0.446 0.056
3 0.724 0.376 0.448 0.056
5 0.256 0.545 0.440 0.040
4 0.500 0.011 0.999 0.022
