0 0.158 0.460 0.195 0.014
0 0.133 0.587 0.145 0.013
0 0.132 0.712 0.142 0.013
0 0.128 0.892 0.135 0.014
5 0.500 0.900 0.885 0.037
5 0.500 0.721 0.885 0.031
5 0.500 0.597 0.885 0.034
5 0.500 0.472 0.885 0.037
0 0.250 0.124 0.105 0.022
0 0.750 0.124 0.132 0.022
0 0.436 0.220 0.754 0.032
0 0.499 0.357 0.324 0.019
0 0.898 0.890 0.086 0.016
0 0.462 0.828 0.804 0.040
1 0.072 0.058 0.023 0.023
3 0.275 0.290 0.433 0.062
3 0.726 0.290 0.433 0.062
0 0.170 0.411 0.221 0.016
0 0.144 0.534 0.167 0.016
0 0.141 0.658 0.163 0.014
0 0.136 0.780 0.152 0.016
0 0.128 0.964 0.136 0.019
4 0.500 0.011 0.999 0.022
