1 0.122 0.074 0.023 0.022
1 0.333 0.791 0.015 0.014
1 0.101 0.950 0.052 0.032
1 0.301 0.950 0.060 0.029
2 0.500 0.950 0.052 0.033
1 0.700 0.949 0.054 0.030
1 0.900 0.950 0.060 0.034
0 0.371 0.075 0.374 0.019
3 0.132 0.147 0.151 0.044
3 0.315 0.147 0.169 0.044
0 0.494 0.235 0.871 0.032
0 0.140 0.466 0.085 0.019
0 0.610 0.466 0.192 0.019
0 0.964 0.464 0.072 0.015
0 0.303 0.628 0.371 0.064
0 0.442 0.718 0.654 0.069
0 0.213 0.792 0.193 0.022
0 0.100 0.981 0.105 0.011
0 0.300 0.981 0.079 0.011
0 0.500 0.982 0.066 0.011
0 0.700 0.981 0.075 0.011
0 0.900 0.982 0.095 0.011
2 0.252 0.363 0.388 0.145
2 0.667 0.363 0.387 0.146
2 0.944 0.363 0.112 0.145
5 0.501 0.074 0.886 0.066
4 0.500 0.011 0.999 0.022
