0 0.178 0.502 0.173 0.017
0 0.141 0.414 0.101 0.019
5 0.500 0.416 0.901 0.068
5 0.501 0.505 0.900 0.068
0 0.500 0.183 0.425 0.042
0 0.503 0.219 0.180 0.010
0 0.501 0.304 0.879 0.044
0 0.501 0.614 0.298 0.019
0 0.514 0.761 0.619 0.015
0 0.101 0.991 0.114 0.011
0 0.100 0.959 0.096 0.021
0 0.300 0.990 0.081 0.011
0 0.499 0.992 0.081 0.014
0 0.699 0.992 0.043 0.013
0 0.899 0.991 0.058 0.010
1 0.300 0.959 0.081 0.029
1 0.499 0.959 0.056 0.030
1 0.699 0.959 0.046 0.032
1 0.899 0.959 0.061 0.009
3 0.500 0.666 0.901 0.055
4 0.500 0.011 0.999 0.022
