1 0.547 0.879 0.022 0.016
1 0.066 0.879 0.022 0.016
1 0.067 0.663 0.023 0.017
1 0.547 0.663 0.023 0.017
1 0.547 0.526 0.023 0.017
1 0.067 0.526 0.022 0.016
1 0.067 0.389 0.022 0.016
1 0.547 0.389 0.023 0.017
1 0.547 0.252 0.023 0.017
2 0.892 0.976 0.158 0.049
2 0.411 0.975 0.150 0.050
2 0.406 0.858 0.159 0.090
2 0.881 0.853 0.159 0.103
2 0.890 0.502 0.122 0.096
2 0.884 0.642 0.174 0.092
2 0.403 0.647 0.176 0.081
2 0.393 0.494 0.196 0.113
2 0.407 0.369 0.167 0.088
2 0.901 0.355 0.139 0.117
2 0.882 0.228 0.177 0.096
2 0.403 0.223 0.175 0.107
0 0.598 0.933 0.134 0.017
0 0.109 0.933 0.115 0.018
0 0.626 0.796 0.187 0.017
0 0.167 0.796 0.229 0.018
0 0.112 0.751 0.167 0.025
0 0.123 0.579 0.150 0.018
0 0.620 0.592 0.180 0.044
0 0.590 0.445 0.114 0.023
0 0.202 0.445 0.299 0.022
0 0.106 0.307 0.113 0.023
0 0.598 0.305 0.131 0.018
0 0.589 0.168 0.114 0.018
0 0.153 0.168 0.202 0.018
0 0.191 0.124 0.322 0.024
1 0.047 0.058 0.031 0.029
0 0.855 0.058 0.191 0.018
0 0.500 0.059 0.228 0.026
0 0.174 0.058 0.196 0.018
4 0.500 0.011 0.999 0.022
