0 0.500 0.057 0.183 0.022
0 0.498 0.276 0.902 0.031
0 0.498 0.312 0.472 0.022
0 0.249 0.507 0.415 0.026
0 0.259 0.566 0.243 0.021
0 0.219 0.629 0.162 0.018
0 0.340 0.697 0.403 0.022
0 0.263 0.760 0.250 0.018
0 0.312 0.827 0.349 0.021
0 0.346 0.892 0.416 0.021
0 0.100 0.991 0.104 0.011
0 0.300 0.990 0.081 0.012
0 0.500 0.991 0.138 0.014
0 0.699 0.990 0.095 0.012
0 0.899 0.990 0.098 0.011
2 0.500 0.172 0.268 0.097
1 0.068 0.565 0.050 0.023
1 0.068 0.630 0.050 0.023
1 0.068 0.695 0.050 0.023
2 0.068 0.760 0.050 0.029
1 0.068 0.826 0.039 0.028
1 0.069 0.891 0.038 0.029
1 0.101 0.959 0.060 0.032
1 0.299 0.959 0.054 0.031
1 0.499 0.959 0.055 0.031
1 0.699 0.959 0.055 0.027
1 0.899 0.959 0.055 0.031
1 0.935 0.891 0.021 0.019
1 0.934 0.825 0.022 0.019
1 0.934 0.760 0.022 0.019
1 0.935 0.695 0.021 0.019
1 0.934 0.630 0.022 0.020
1 0.935 0.565 0.021 0.019
4 0.500 0.011 0.999 0.022
