0 0.500 0.059 0.450 0.023
0 0.106 0.138 0.110 0.013
0 0.369 0.219 0.325 0.023
0 0.178 0.314 0.254 0.013
0 0.271 0.393 0.126 0.019
0 0.264 0.502 0.110 0.019
0 0.272 0.610 0.126 0.019
0 0.281 0.719 0.147 0.018
0 0.310 0.828 0.203 0.019
0 0.263 0.936 0.110 0.019
1 0.066 0.057 0.035 0.019
1 0.948 0.216 0.019 0.017
2 0.122 0.216 0.085 0.048
2 0.121 0.393 0.086 0.048
2 0.121 0.502 0.086 0.048
2 0.121 0.610 0.086 0.048
2 0.122 0.719 0.085 0.048
2 0.122 0.827 0.085 0.048
2 0.122 0.936 0.085 0.048
4 0.500 0.012 0.999 0.024
