2 0.110 0.196 0.078 0.040
2 0.110 0.264 0.079 0.044
2 0.110 0.332 0.079 0.044
2 0.109 0.399 0.078 0.035
2 0.097 0.542 0.097 0.055
2 0.097 0.610 0.097 0.055
2 0.097 0.678 0.097 0.055
2 0.097 0.746 0.097 0.055
2 0.110 0.815 0.079 0.036
2 0.110 0.883 0.079 0.042
1 0.942 0.883 0.020 0.018
0 0.415 0.883 0.411 0.018
0 0.294 0.815 0.175 0.018
0 0.428 0.749 0.486 0.023
0 0.472 0.681 0.578 0.023
0 0.373 0.613 0.374 0.023
0 0.432 0.543 0.492 0.018
0 0.325 0.491 0.549 0.017
0 0.376 0.399 0.337 0.018
0 0.360 0.333 0.302 0.023
0 0.429 0.266 0.438 0.022
0 0.344 0.198 0.272 0.023
0 0.128 0.142 0.159 0.014
0 0.501 0.056 0.226 0.020
0 0.104 0.058 0.098 0.022
4 0.500 0.012 0.999 0.022
