1 0.046 0.058 0.030 0.029
1 0.922 0.057 0.049 0.028
0 0.501 0.059 0.232 0.023
0 0.193 0.059 0.237 0.022
1 0.935 0.121 0.061 0.034
2 0.814 0.121 0.056 0.034
7 0.136 0.121 0.209 0.029
1 0.694 0.121 0.064 0.027
0 0.169 0.121 0.141 0.015
2 0.130 0.238 0.164 0.129
0 0.609 0.208 0.705 0.050
1 0.369 0.260 0.222 0.021
0 0.523 0.260 0.072 0.016
0 0.364 0.293 0.214 0.025
2 0.129 0.416 0.091 0.127
0 0.617 0.401 0.719 0.050
0 0.357 0.459 0.201 0.025
2 0.127 0.580 0.156 0.108
0 0.612 0.568 0.708 0.050
0 0.363 0.626 0.210 0.026
2 0.129 0.752 0.157 0.124
0 0.611 0.722 0.709 0.049
1 0.368 0.762 0.223 0.021
0 0.504 0.763 0.036 0.016
0 0.375 0.797 0.238 0.028
2 0.130 0.899 0.145 0.067
0 0.612 0.901 0.708 0.049
1 0.499 0.959 0.055 0.031
1 0.899 0.959 0.056 0.032
1 0.700 0.959 0.039 0.030
2 0.100 0.959 0.093 0.027
1 0.301 0.959 0.046 0.022
0 0.100 0.984 0.059 0.013
0 0.301 0.983 0.068 0.010
0 0.500 0.983 0.049 0.010
0 0.699 0.983 0.074 0.010
0 0.899 0.983 0.096 0.010
4 0.500 0.011 0.999 0.022
