1 0.944 0.914 0.018 0.019
1 0.944 0.795 0.018 0.019
1 0.944 0.735 0.018 0.019
1 0.943 0.615 0.018 0.019
1 0.943 0.555 0.018 0.019
1 0.943 0.436 0.018 0.019
1 0.944 0.376 0.018 0.019
1 0.944 0.316 0.018 0.019
1 0.944 0.257 0.018 0.019
0 0.100 0.991 0.056 0.014
0 0.301 0.992 0.088 0.014
0 0.501 0.992 0.103 0.014
0 0.700 0.990 0.129 0.011
0 0.901 0.990 0.054 0.011
1 0.900 0.961 0.080 0.012
1 0.699 0.961 0.068 0.033
1 0.499 0.962 0.068 0.038
1 0.300 0.962 0.064 0.039
1 0.101 0.961 0.058 0.041
0 0.148 0.914 0.194 0.016
0 0.149 0.863 0.215 0.014
0 0.219 0.797 0.336 0.020
0 0.232 0.737 0.366 0.020
0 0.145 0.683 0.205 0.014
0 0.105 0.616 0.108 0.016
0 0.149 0.556 0.194 0.016
0 0.102 0.504 0.118 0.014
0 0.118 0.436 0.132 0.016
0 0.136 0.377 0.171 0.016
0 0.192 0.317 0.283 0.016
0 0.154 0.257 0.209 0.016
0 0.501 0.186 0.246 0.015
3 0.500 0.122 0.923 0.060
0 0.500 0.056 0.097 0.019
4 0.500 0.012 0.999 0.023
