0 0.409 0.059 0.249 0.020
0 0.355 0.121 0.351 0.019
0 0.841 0.121 0.213 0.018
0 0.614 0.276 0.132 0.014
0 0.762 0.319 0.430 0.062
0 0.756 0.373 0.109 0.016
0 0.612 0.401 0.130 0.015
0 0.714 0.434 0.331 0.015
0 0.777 0.499 0.344 0.056
0 0.674 0.545 0.154 0.013
0 0.756 0.677 0.418 0.062
0 0.760 0.725 0.118 0.016
0 0.624 0.754 0.154 0.015
0 0.714 0.786 0.331 0.015
0 0.777 0.851 0.344 0.056
0 0.674 0.897 0.154 0.013
3 0.500 0.955 0.233 0.047
1 0.566 0.896 0.039 0.018
2 0.565 0.850 0.032 0.016
2 0.565 0.830 0.041 0.014
1 0.623 0.724 0.143 0.017
1 0.566 0.544 0.039 0.018
2 0.565 0.499 0.033 0.016
2 0.565 0.478 0.041 0.014
1 0.623 0.372 0.143 0.017
1 0.820 0.187 0.027 0.009
1 0.581 0.187 0.027 0.009
1 0.384 0.187 0.027 0.009
1 0.066 0.054 0.056 0.025
1 0.739 0.057 0.045 0.024
1 0.833 0.058 0.050 0.027
1 0.928 0.058 0.055 0.029
3 0.118 0.186 0.187 0.044
3 0.325 0.186 0.206 0.044
3 0.532 0.186 0.185 0.044
3 0.750 0.186 0.227 0.044
3 0.937 0.187 0.126 0.044
2 0.273 0.405 0.507 0.221
2 0.273 0.772 0.508 0.227
4 0.500 0.011 0.999 0.022
