0 0.243 0.121 0.324 0.013
4 0.513 0.025 0.869 0.014
1 0.050 0.123 0.027 0.013
0 0.740 0.740 0.219 0.052
0 0.257 0.740 0.204 0.051
0 0.262 0.509 0.219 0.052
0 0.740 0.509 0.220 0.051
0 0.741 0.278 0.358 0.084
0 0.259 0.279 0.122 0.019
0 0.899 0.955 0.139 0.012
0 0.699 0.953 0.090 0.010
0 0.500 0.953 0.052 0.009
0 0.300 0.954 0.060 0.012
0 0.101 0.953 0.069 0.009
1 0.897 0.929 0.046 0.016
1 0.699 0.929 0.047 0.022
1 0.498 0.930 0.055 0.023
1 0.300 0.929 0.068 0.020
1 0.100 0.930 0.052 0.022
5 0.495 0.123 0.952 0.034
2 0.501 0.074 0.307 0.027
2 0.739 0.740 0.435 0.201
2 0.261 0.740 0.435 0.201
2 0.261 0.509 0.435 0.201
2 0.739 0.509 0.435 0.201
2 0.739 0.278 0.435 0.201
2 0.261 0.278 0.435 0.201
