3 0.500 0.124 0.291 0.044
0 0.434 0.065 0.136 0.017
0 0.579 0.065 0.112 0.012
0 0.449 0.123 0.109 0.017
0 0.119 0.218 0.081 0.013
0 0.157 0.234 0.156 0.016
0 0.645 0.218 0.133 0.014
0 0.639 0.234 0.120 0.016
0 0.651 0.630 0.232 0.012
0 0.110 0.630 0.120 0.011
0 0.251 0.652 0.400 0.015
0 0.176 0.679 0.250 0.019
0 0.079 0.709 0.058 0.014
0 0.721 0.654 0.370 0.019
0 0.564 0.709 0.058 0.014
0 0.100 0.990 0.115 0.011
0 0.100 0.959 0.097 0.021
0 0.300 0.990 0.081 0.011
0 0.500 0.991 0.080 0.014
0 0.699 0.992 0.043 0.013
0 0.899 0.991 0.058 0.010
1 0.300 0.959 0.081 0.029
1 0.498 0.959 0.056 0.030
1 0.699 0.959 0.046 0.031
1 0.899 0.959 0.061 0.009
2 0.875 0.784 0.180 0.101
2 0.258 0.879 0.457 0.109
2 0.743 0.879 0.457 0.109
1 0.618 0.737 0.166 0.017
1 0.134 0.737 0.166 0.017
2 0.258 0.451 0.457 0.334
2 0.742 0.451 0.457 0.334
1 0.951 0.226 0.023 0.009
1 0.451 0.226 0.023 0.008
1 0.569 0.124 0.047 0.015
1 0.054 0.065 0.021 0.019
4 0.500 0.011 0.999 0.022
