0 0.244 0.123 0.324 0.016
4 0.514 0.026 0.866 0.014
0 0.298 0.449 0.202 0.017
0 0.423 0.382 0.455 0.017
0 0.350 0.315 0.308 0.018
0 0.264 0.246 0.138 0.014
0 0.261 0.181 0.127 0.017
1 0.947 0.449 0.023 0.017
1 0.947 0.382 0.023 0.017
1 0.947 0.315 0.023 0.017
1 0.947 0.248 0.023 0.017
1 0.947 0.181 0.023 0.017
2 0.099 0.449 0.118 0.056
2 0.097 0.382 0.122 0.056
2 0.097 0.315 0.122 0.056
2 0.097 0.248 0.122 0.056
2 0.097 0.181 0.122 0.056
1 0.050 0.123 0.027 0.012
5 0.496 0.123 0.951 0.033
2 0.502 0.074 0.308 0.027
0 0.899 0.955 0.138 0.012
0 0.699 0.953 0.090 0.009
0 0.500 0.953 0.053 0.009
0 0.301 0.955 0.060 0.012
0 0.101 0.953 0.068 0.009
1 0.898 0.930 0.045 0.015
1 0.699 0.930 0.047 0.021
1 0.498 0.930 0.056 0.022
1 0.300 0.929 0.068 0.020
1 0.100 0.930 0.052 0.022
