1 0.946 0.044 0.029 0.017
0 0.917 0.044 0.015 0.011
0 0.500 0.059 0.238 0.022
0 0.500 0.449 0.378 0.019
0 0.500 0.507 0.680 0.019
0 0.302 0.887 0.280 0.018
0 0.101 0.991 0.068 0.010
0 0.301 0.990 0.106 0.011
0 0.500 0.992 0.153 0.013
0 0.698 0.991 0.081 0.011
0 0.899 0.991 0.097 0.010
0 0.911 0.066 0.097 0.017
1 0.101 0.959 0.045 0.025
1 0.300 0.959 0.050 0.024
1 0.499 0.959 0.045 0.025
1 0.698 0.959 0.048 0.027
1 0.899 0.959 0.050 0.028
3 0.699 0.886 0.218 0.040
2 0.496 0.262 0.423 0.216
4 0.500 0.011 0.999 0.022
