0 0.501 0.057 0.115 0.019
0 0.148 0.059 0.150 0.023
0 0.252 0.143 0.407 0.014
0 0.274 0.187 0.233 0.018
0 0.280 0.216 0.247 0.016
0 0.273 0.264 0.229 0.018
0 0.271 0.293 0.227 0.016
0 0.386 0.349 0.456 0.023
0 0.273 0.407 0.232 0.018
0 0.420 0.468 0.741 0.036
0 0.184 0.541 0.266 0.014
0 0.188 0.591 0.274 0.019
0 0.487 0.643 0.876 0.017
0 0.118 0.703 0.139 0.016
0 0.254 0.755 0.405 0.022
0 0.172 0.815 0.242 0.023
0 0.161 0.873 0.221 0.019
0 0.474 0.935 0.847 0.039
0 0.898 0.753 0.013 0.017
1 0.942 0.752 0.020 0.019
2 0.084 0.406 0.071 0.040
1 0.085 0.346 0.071 0.040
1 0.942 0.279 0.020 0.019
1 0.942 0.201 0.020 0.018
2 0.084 0.277 0.071 0.040
2 0.084 0.200 0.072 0.040
1 0.047 0.058 0.031 0.029
4 0.500 0.011 0.999 0.022
