0 0.361 0.114 0.481 0.021
1 0.915 0.058 0.048 0.029
2 0.501 0.058 0.296 0.035
1 0.085 0.113 0.035 0.019
1 0.101 0.967 0.044 0.025
1 0.301 0.967 0.068 0.027
1 0.501 0.968 0.047 0.028
1 0.699 0.967 0.049 0.027
1 0.900 0.967 0.039 0.026
0 0.159 0.874 0.218 0.018
0 0.257 0.690 0.415 0.018
0 0.197 0.505 0.299 0.018
0 0.108 0.320 0.116 0.018
0 0.167 0.193 0.162 0.016
0 0.500 0.193 0.085 0.016
0 0.835 0.193 0.090 0.016
5 0.501 0.113 0.903 0.049
2 0.850 0.315 0.258 0.137
2 0.820 0.500 0.311 0.116
2 0.874 0.681 0.251 0.159
2 0.882 0.859 0.236 0.148
4 0.500 0.011 0.999 0.022
