0 0.523 0.057 0.101 0.016
0 0.729 0.125 0.076 0.014
0 0.268 0.124 0.142 0.014
0 0.155 0.192 0.160 0.019
0 0.147 0.395 0.137 0.016
0 0.169 0.570 0.258 0.018
0 0.259 0.876 0.324 0.037
0 0.741 0.876 0.232 0.038
1 0.442 0.058 0.034 0.020
2 0.928 0.057 0.053 0.023
2 0.867 0.219 0.188 0.126
2 0.861 0.395 0.184 0.179
2 0.740 0.737 0.437 0.208
2 0.260 0.737 0.437 0.208
0 0.101 0.966 0.048 0.028
1 0.300 0.966 0.069 0.027
1 0.498 0.966 0.050 0.028
1 0.699 0.966 0.050 0.025
1 0.899 0.966 0.050 0.028
5 0.501 0.057 0.961 0.044
4 0.500 0.011 0.999 0.022
