0 0.184 0.123 0.286 0.018
0 0.172 0.203 0.262 0.021
0 0.131 0.276 0.181 0.019
0 0.221 0.330 0.361 0.042
0 0.181 0.413 0.282 0.018
0 0.221 0.467 0.361 0.042
0 0.098 0.549 0.114 0.014
0 0.130 0.591 0.176 0.016
0 0.221 0.616 0.362 0.019
0 0.127 0.687 0.176 0.014
0 0.159 0.729 0.239 0.016
0 0.221 0.753 0.361 0.019
0 0.100 0.825 0.119 0.018
0 0.133 0.867 0.184 0.018
0 0.221 0.890 0.361 0.018
0 0.126 0.990 0.068 0.011
0 0.376 0.990 0.103 0.011
0 0.626 0.990 0.075 0.011
0 0.876 0.990 0.097 0.011
0 0.825 0.854 0.093 0.014
0 0.825 0.716 0.093 0.014
0 0.825 0.579 0.094 0.015
0 0.831 0.442 0.083 0.015
0 0.829 0.305 0.087 0.014
0 0.391 0.058 0.500 0.022
1 0.105 0.057 0.034 0.019
1 0.946 0.058 0.054 0.029
1 0.925 0.121 0.073 0.041
1 0.938 0.305 0.011 0.012
1 0.938 0.442 0.011 0.012
1 0.938 0.579 0.011 0.012
1 0.938 0.716 0.011 0.012
1 0.939 0.854 0.011 0.012
1 0.875 0.959 0.052 0.029
2 0.624 0.958 0.054 0.024
2 0.375 0.960 0.052 0.025
1 0.125 0.958 0.052 0.019
5 0.466 0.058 0.797 0.049
4 0.500 0.011 0.999 0.022
