0 0.204 0.153 0.349 0.022
0 0.917 0.151 0.107 0.012
0 0.189 0.560 0.319 0.022
0 0.917 0.559 0.107 0.012
0 0.126 0.990 0.076 0.011
0 0.376 0.990 0.082 0.011
0 0.626 0.990 0.103 0.011
0 0.874 0.990 0.075 0.011
0 0.180 0.074 0.114 0.015
1 0.082 0.075 0.037 0.021
1 0.356 0.209 0.068 0.040
1 0.757 0.210 0.069 0.039
1 0.357 0.617 0.068 0.038
1 0.757 0.617 0.068 0.038
1 0.625 0.959 0.063 0.036
1 0.885 0.959 0.085 0.036
2 0.376 0.959 0.067 0.035
2 0.126 0.960 0.074 0.038
2 0.217 0.338 0.377 0.312
2 0.618 0.338 0.377 0.312
2 0.914 0.338 0.172 0.312
2 0.217 0.745 0.377 0.312
2 0.618 0.745 0.377 0.312
2 0.914 0.745 0.171 0.312
5 0.500 0.075 0.942 0.060
4 0.500 0.011 0.999 0.022
