1 0.839 0.407 0.008 0.007
1 0.870 0.685 0.008 0.008
0 0.312 0.132 0.544 0.021
0 0.625 0.208 0.178 0.012
0 0.694 0.260 0.314 0.065
0 0.741 0.329 0.409 0.036
0 0.709 0.372 0.344 0.015
0 0.682 0.405 0.290 0.014
0 0.622 0.467 0.171 0.012
0 0.741 0.508 0.407 0.041
0 0.738 0.587 0.402 0.082
0 0.709 0.650 0.344 0.014
0 0.698 0.684 0.322 0.014
0 0.625 0.745 0.178 0.012
0 0.694 0.798 0.314 0.065
0 0.697 0.869 0.320 0.039
0 0.709 0.910 0.344 0.014
0 0.126 0.990 0.068 0.011
0 0.376 0.990 0.103 0.011
0 0.626 0.990 0.075 0.011
0 0.876 0.990 0.097 0.011
1 0.875 0.959 0.052 0.029
2 0.624 0.958 0.054 0.024
2 0.375 0.960 0.052 0.025
1 0.125 0.958 0.052 0.019
2 0.256 0.807 0.176 0.144
2 0.256 0.523 0.369 0.123
2 0.258 0.277 0.358 0.128
1 0.066 0.054 0.055 0.025
1 0.928 0.058 0.054 0.029
4 0.500 0.011 0.999 0.022
