0 0.291 0.058 0.300 0.022
2 0.967 0.234 0.065 0.134
1 0.300 0.283 0.039 0.018
0 0.204 0.113 0.355 0.018
0 0.562 0.188 0.561 0.039
0 0.497 0.224 0.103 0.016
0 0.346 0.252 0.130 0.015
0 0.409 0.284 0.154 0.013
0 0.135 0.365 0.169 0.017
0 0.136 0.442 0.172 0.019
0 0.201 0.517 0.304 0.015
0 0.213 0.596 0.326 0.018
0 0.236 0.671 0.372 0.015
0 0.141 0.747 0.183 0.015
0 0.094 0.824 0.090 0.015
0 0.153 0.900 0.209 0.015
0 0.126 0.990 0.068 0.011
0 0.376 0.990 0.103 0.011
0 0.626 0.990 0.075 0.011
0 0.875 0.990 0.098 0.011
1 0.875 0.959 0.052 0.029
2 0.624 0.958 0.054 0.024
2 0.376 0.960 0.052 0.025
1 0.125 0.958 0.052 0.019
1 0.942 0.899 0.020 0.018
1 0.942 0.823 0.019 0.018
1 0.942 0.746 0.020 0.018
1 0.942 0.670 0.020 0.018
1 0.942 0.593 0.020 0.018
1 0.942 0.517 0.020 0.018
1 0.942 0.440 0.020 0.018
1 0.358 0.223 0.144 0.016
1 0.947 0.058 0.055 0.029
1 0.872 0.058 0.050 0.027
2 0.748 0.058 0.049 0.028
1 0.105 0.057 0.026 0.014
2 0.153 0.234 0.145 0.134
5 0.431 0.058 0.725 0.049
4 0.500 0.011 0.999 0.022
