0 0.275 0.114 0.304 0.023
2 0.740 0.885 0.442 0.096
4 0.500 0.011 0.999 0.021
0 0.500 0.059 0.398 0.022
0 0.212 0.427 0.337 0.017
0 0.085 0.452 0.082 0.015
0 0.604 0.425 0.161 0.014
0 0.562 0.452 0.076 0.015
0 0.205 0.768 0.324 0.017
0 0.085 0.793 0.082 0.015
0 0.648 0.768 0.248 0.017
0 0.565 0.793 0.082 0.015
0 0.100 0.991 0.086 0.013
0 0.300 0.990 0.081 0.011
0 0.500 0.989 0.105 0.011
0 0.699 0.990 0.050 0.011
0 0.900 0.990 0.033 0.011
1 0.430 0.439 0.064 0.029
1 0.911 0.439 0.064 0.029
1 0.431 0.779 0.064 0.030
1 0.911 0.780 0.064 0.029
1 0.899 0.959 0.043 0.029
1 0.696 0.959 0.063 0.034
1 0.499 0.960 0.061 0.029
1 0.298 0.959 0.057 0.033
1 0.100 0.959 0.049 0.030
1 0.045 0.057 0.030 0.029
1 0.087 0.112 0.038 0.022
5 0.500 0.113 0.903 0.049
2 0.740 0.281 0.442 0.246
2 0.260 0.281 0.442 0.246
2 0.260 0.621 0.442 0.249
2 0.740 0.621 0.442 0.249
2 0.260 0.885 0.442 0.096
