3 0.474 0.923 0.258 0.052
3 0.744 0.923 0.258 0.052
1 0.067 0.056 0.029 0.029
1 0.930 0.051 0.070 0.034
2 0.674 0.313 0.049 0.028
1 0.515 0.403 0.035 0.020
2 0.886 0.778 0.050 0.028
1 0.295 0.943 0.023 0.008
2 0.500 0.136 0.999 0.272
0 0.331 0.312 0.583 0.024
0 0.297 0.353 0.514 0.019
0 0.260 0.401 0.445 0.016
0 0.225 0.575 0.375 0.025
0 0.489 0.639 0.900 0.064
0 0.213 0.713 0.348 0.019
0 0.113 0.946 0.150 0.038
0 0.469 0.972 0.142 0.014
0 0.738 0.972 0.142 0.014
0 0.968 0.972 0.064 0.013
0 0.884 0.808 0.056 0.011
3 0.942 0.923 0.117 0.052
1 0.903 0.573 0.122 0.013
2 0.313 0.817 0.553 0.141
2 0.780 0.817 0.368 0.141
2 0.096 0.468 0.085 0.048
2 0.197 0.468 0.085 0.048
2 0.299 0.469 0.085 0.048
2 0.400 0.468 0.085 0.048
2 0.502 0.468 0.085 0.048
2 0.603 0.469 0.085 0.048
2 0.705 0.469 0.085 0.048
2 0.806 0.468 0.085 0.048
2 0.907 0.468 0.086 0.048
2 0.916 0.550 0.057 0.015
