0 0.287 0.876 0.137 0.014
7 0.231 0.876 0.251 0.029
0 0.279 0.637 0.124 0.019
7 0.225 0.635 0.236 0.029
0 0.286 0.757 0.134 0.018
7 0.230 0.755 0.249 0.030
0 0.289 0.516 0.143 0.019
7 0.234 0.514 0.257 0.029
0 0.277 0.396 0.117 0.019
7 0.221 0.394 0.232 0.030
0 0.287 0.275 0.138 0.018
7 0.231 0.273 0.252 0.030
2 0.500 0.273 0.883 0.103
2 0.500 0.394 0.883 0.103
2 0.500 0.514 0.883 0.103
2 0.500 0.635 0.882 0.103
2 0.500 0.755 0.883 0.103
2 0.500 0.862 0.883 0.075
3 0.501 0.950 0.326 0.069
0 0.499 0.129 0.784 0.042
0 0.502 0.076 0.746 0.027
