0 0.122 0.137 0.166 0.019
0 0.500 0.198 0.178 0.021
0 0.139 0.261 0.175 0.022
0 0.115 0.319 0.129 0.017
0 0.076 0.379 0.048 0.016
0 0.158 0.438 0.217 0.017
0 0.160 0.500 0.221 0.021
0 0.097 0.560 0.093 0.020
0 0.154 0.619 0.205 0.021
0 0.109 0.678 0.114 0.016
0 0.141 0.737 0.183 0.017
0 0.111 0.797 0.122 0.017
0 0.460 0.878 0.868 0.067
0 0.884 0.800 0.134 0.020
0 0.903 0.740 0.097 0.020
0 0.919 0.680 0.065 0.020
0 0.919 0.620 0.065 0.020
0 0.929 0.561 0.045 0.020
0 0.919 0.501 0.065 0.020
0 0.919 0.441 0.065 0.020
0 0.919 0.381 0.066 0.020
0 0.886 0.319 0.129 0.017
0 0.889 0.259 0.118 0.017
1 0.078 0.058 0.040 0.023
1 0.662 0.057 0.055 0.031
1 0.792 0.057 0.050 0.025
1 0.923 0.058 0.044 0.021
1 0.916 0.137 0.088 0.049
3 0.501 0.956 0.952 0.061
4 0.500 0.011 0.999 0.022
