0 0.149 0.059 0.149 0.023
0 0.501 0.057 0.172 0.019
0 0.281 0.142 0.462 0.014
0 0.274 0.187 0.233 0.019
0 0.373 0.216 0.433 0.016
0 0.232 0.317 0.365 0.018
0 0.231 0.377 0.363 0.018
0 0.880 0.318 0.057 0.019
0 0.880 0.377 0.057 0.019
0 0.191 0.437 0.280 0.019
0 0.250 0.497 0.400 0.019
0 0.095 0.559 0.089 0.022
0 0.717 0.557 0.382 0.018
0 0.227 0.616 0.350 0.018
0 0.184 0.676 0.266 0.018
0 0.205 0.736 0.306 0.019
0 0.249 0.798 0.394 0.023
0 0.854 0.736 0.108 0.017
1 0.046 0.058 0.031 0.029
2 0.084 0.200 0.072 0.040
1 0.942 0.201 0.020 0.019
1 0.942 0.317 0.020 0.018
1 0.942 0.377 0.020 0.019
1 0.942 0.555 0.021 0.019
1 0.942 0.615 0.020 0.019
1 0.942 0.675 0.020 0.018
1 0.942 0.735 0.020 0.018
4 0.500 0.011 0.999 0.022
