1 0.126 0.956 0.050 0.036
2 0.377 0.959 0.068 0.027
1 0.626 0.957 0.060 0.031
1 0.874 0.957 0.058 0.033
0 0.875 0.987 0.133 0.012
0 0.626 0.987 0.144 0.012
0 0.375 0.987 0.157 0.012
0 0.126 0.987 0.090 0.012
0 0.500 0.863 0.489 0.019
0 0.504 0.818 0.398 0.036
2 0.500 0.813 0.981 0.239
0 0.500 0.588 0.555 0.016
0 0.505 0.545 0.342 0.037
2 0.501 0.555 0.981 0.269
0 0.897 0.118 0.112 0.016
0 0.707 0.119 0.127 0.019
0 0.511 0.118 0.121 0.015
0 0.354 0.118 0.053 0.015
0 0.202 0.119 0.110 0.019
0 0.209 0.058 0.337 0.026
3 0.057 0.118 0.089 0.030
0 0.500 0.317 0.473 0.019
0 0.501 0.271 0.700 0.037
2 0.501 0.281 0.981 0.268
4 0.500 0.011 0.999 0.022
