0 0.301 0.991 0.070 0.011
0 0.100 0.991 0.064 0.011
2 0.139 0.909 0.132 0.049
1 0.221 0.897 0.039 0.020
1 0.101 0.959 0.068 0.038
1 0.301 0.959 0.069 0.038
2 0.393 0.912 0.206 0.043
1 0.474 0.896 0.038 0.019
0 0.500 0.991 0.094 0.011
1 0.500 0.959 0.069 0.036
2 0.646 0.909 0.167 0.049
0 0.699 0.991 0.036 0.011
1 0.699 0.959 0.068 0.038
1 0.727 0.896 0.039 0.020
0 0.899 0.992 0.070 0.013
1 0.899 0.959 0.069 0.038
2 0.881 0.909 0.190 0.050
1 0.690 0.838 0.021 0.020
0 0.477 0.840 0.355 0.027
2 0.500 0.612 0.812 0.342
0 0.502 0.422 0.377 0.022
0 0.500 0.389 0.204 0.012
2 0.887 0.247 0.178 0.106
1 0.728 0.201 0.039 0.020
2 0.647 0.247 0.124 0.116
1 0.474 0.201 0.037 0.019
2 0.394 0.247 0.177 0.117
1 0.221 0.201 0.039 0.021
2 0.139 0.247 0.208 0.057
1 0.666 0.143 0.021 0.021
0 0.477 0.142 0.306 0.023
0 0.517 0.058 0.218 0.024
2 0.388 0.058 0.027 0.021
1 0.912 0.057 0.076 0.036
4 0.500 0.011 0.999 0.022
