0 0.911 0.066 0.097 0.017
0 0.916 0.041 0.014 0.011
1 0.946 0.041 0.028 0.017
1 0.052 0.060 0.040 0.022
1 0.452 0.272 0.050 0.028
1 0.952 0.272 0.050 0.028
1 0.452 0.692 0.050 0.028
1 0.952 0.692 0.050 0.028
1 0.101 0.959 0.045 0.025
1 0.301 0.959 0.050 0.024
1 0.500 0.959 0.045 0.025
1 0.698 0.959 0.048 0.027
1 0.899 0.959 0.050 0.028
0 0.501 0.059 0.312 0.023
0 0.189 0.120 0.304 0.015
0 0.500 0.120 0.171 0.015
0 0.760 0.120 0.199 0.015
0 0.967 0.121 0.067 0.019
0 0.104 0.209 0.155 0.015
0 0.836 0.209 0.231 0.019
0 0.072 0.498 0.091 0.016
0 0.240 0.545 0.426 0.057
0 0.573 0.498 0.091 0.016
0 0.749 0.545 0.444 0.056
0 0.070 0.918 0.086 0.016
0 0.573 0.918 0.091 0.016
0 0.101 0.991 0.068 0.011
0 0.301 0.990 0.106 0.011
0 0.500 0.992 0.153 0.014
0 0.698 0.991 0.081 0.011
0 0.899 0.991 0.097 0.010
2 0.248 0.353 0.175 0.173
2 0.751 0.353 0.196 0.169
2 0.248 0.773 0.292 0.157
2 0.753 0.774 0.261 0.178
3 0.389 0.630 0.146 0.042
3 0.891 0.630 0.146 0.041
4 0.500 0.011 0.999 0.022
