3 0.392 0.888 0.199 0.049
3 0.602 0.888 0.213 0.049
0 0.333 0.445 0.102 0.017
4 0.500 0.011 0.999 0.022
1 0.054 0.058 0.045 0.022
1 0.931 0.058 0.028 0.010
1 0.911 0.141 0.051 0.027
1 0.911 0.575 0.052 0.027
1 0.101 0.958 0.047 0.027
2 0.300 0.958 0.048 0.026
1 0.500 0.958 0.048 0.027
2 0.699 0.958 0.048 0.027
1 0.899 0.958 0.048 0.027
0 0.266 0.046 0.239 0.014
0 0.375 0.066 0.457 0.014
0 0.854 0.356 0.121 0.021
0 0.184 0.414 0.294 0.021
0 0.850 0.789 0.131 0.021
0 0.184 0.847 0.295 0.022
0 0.101 0.990 0.084 0.012
0 0.300 0.991 0.058 0.015
0 0.500 0.991 0.121 0.015
0 0.699 0.989 0.056 0.012
0 0.900 0.989 0.078 0.013
1 0.152 0.443 0.231 0.020
1 0.152 0.877 0.230 0.020
3 0.162 0.482 0.252 0.030
3 0.162 0.915 0.252 0.030
2 0.501 0.250 0.928 0.279
2 0.501 0.683 0.928 0.279
