2 0.980 0.788 0.039 0.159
2 0.980 0.437 0.039 0.328
0 0.900 0.987 0.075 0.012
0 0.700 0.987 0.043 0.013
0 0.500 0.987 0.073 0.012
0 0.301 0.988 0.069 0.012
0 0.101 0.987 0.071 0.012
1 0.101 0.959 0.056 0.030
1 0.301 0.961 0.064 0.024
2 0.500 0.959 0.052 0.036
2 0.899 0.958 0.074 0.031
1 0.699 0.957 0.059 0.034
0 0.891 0.675 0.140 0.017
0 0.129 0.677 0.180 0.012
0 0.881 0.232 0.162 0.016
0 0.159 0.227 0.232 0.026
0 0.194 0.108 0.304 0.032
2 0.711 0.788 0.424 0.159
2 0.250 0.788 0.424 0.159
2 0.481 0.437 0.885 0.328
4 0.500 0.011 0.999 0.022
