0 0.501 0.580 0.134 0.018
0 0.500 0.492 0.224 0.018
0 0.501 0.405 0.551 0.018
0 0.500 0.320 0.243 0.022
0 0.500 0.230 0.189 0.016
0 0.501 0.142 0.192 0.017
5 0.500 0.580 0.924 0.060
5 0.501 0.492 0.923 0.060
5 0.500 0.404 0.924 0.061
5 0.500 0.317 0.924 0.060
5 0.500 0.230 0.924 0.061
5 0.500 0.142 0.924 0.061
1 0.095 0.956 0.117 0.066
2 0.249 0.956 0.117 0.066
2 0.404 0.957 0.117 0.066
1 0.558 0.957 0.117 0.066
2 0.713 0.957 0.118 0.066
1 0.868 0.957 0.117 0.066
2 0.981 0.957 0.037 0.066
0 0.500 0.878 0.217 0.021
0 0.501 0.731 0.084 0.018
3 0.500 0.662 0.436 0.062
4 0.500 0.011 0.999 0.022
