1 0.903 0.304 0.077 0.043
0 0.101 0.990 0.065 0.010
0 0.301 0.991 0.058 0.013
0 0.500 0.990 0.060 0.011
0 0.699 0.990 0.052 0.011
0 0.899 0.990 0.095 0.010
1 0.899 0.959 0.056 0.032
1 0.699 0.959 0.052 0.027
1 0.500 0.959 0.054 0.030
2 0.302 0.959 0.074 0.032
2 0.101 0.959 0.055 0.031
3 0.500 0.870 0.436 0.045
6 0.498 0.819 0.107 0.009
2 0.501 0.531 0.961 0.540
0 0.135 0.237 0.228 0.014
1 0.107 0.204 0.173 0.014
0 0.226 0.203 0.046 0.013
0 0.262 0.169 0.481 0.021
0 0.260 0.134 0.473 0.028
1 0.042 0.059 0.025 0.026
1 0.793 0.057 0.032 0.025
1 0.902 0.058 0.049 0.024
4 0.500 0.011 0.998 0.021
