7 0.314 0.480 0.220 0.029
7 0.550 0.480 0.175 0.029
0 0.601 0.480 0.071 0.015
0 0.370 0.480 0.108 0.015
0 0.292 0.423 0.160 0.023
0 0.298 0.361 0.163 0.016
0 0.293 0.252 0.159 0.017
0 0.259 0.192 0.090 0.017
5 0.500 0.421 0.618 0.059
5 0.500 0.361 0.618 0.058
3 0.500 0.541 0.618 0.060
0 0.500 0.603 0.545 0.039
0 0.500 0.661 0.120 0.021
0 0.753 0.362 0.064 0.016
0 0.753 0.422 0.064 0.016
0 0.753 0.482 0.066 0.017
0 0.500 0.301 0.502 0.014
5 0.500 0.252 0.618 0.058
5 0.500 0.193 0.618 0.058
0 0.500 0.075 0.356 0.028
1 0.062 0.073 0.027 0.026
