0 0.500 0.060 0.152 0.024
0 0.499 0.158 0.722 0.048
0 0.195 0.385 0.312 0.021
0 0.176 0.451 0.272 0.017
0 0.125 0.560 0.174 0.016
0 0.070 0.629 0.060 0.019
0 0.248 0.697 0.421 0.021
0 0.192 0.804 0.308 0.017
0 0.097 0.874 0.116 0.020
0 0.126 0.990 0.062 0.011
0 0.376 0.992 0.087 0.013
0 0.626 0.990 0.150 0.011
0 0.875 0.992 0.097 0.014
3 0.501 0.244 0.807 0.060
1 0.942 0.382 0.020 0.019
1 0.876 0.959 0.049 0.028
1 0.626 0.959 0.050 0.028
1 0.375 0.959 0.049 0.028
1 0.125 0.959 0.048 0.033
4 0.500 0.011 0.999 0.022
