0 0.328 0.058 0.413 0.018
0 0.901 0.990 0.054 0.011
0 0.700 0.990 0.129 0.011
0 0.501 0.991 0.103 0.014
0 0.301 0.992 0.089 0.014
0 0.100 0.991 0.056 0.014
1 0.089 0.961 0.082 0.041
1 0.300 0.962 0.064 0.039
1 0.500 0.962 0.067 0.038
1 0.699 0.961 0.068 0.033
1 0.900 0.961 0.080 0.012
2 0.870 0.911 0.193 0.043
2 0.500 0.899 0.218 0.066
2 0.127 0.893 0.155 0.079
2 0.152 0.604 0.224 0.126
2 0.496 0.603 0.273 0.122
2 0.841 0.606 0.190 0.129
2 0.893 0.293 0.167 0.129
2 0.549 0.291 0.246 0.139
2 0.202 0.293 0.266 0.120
0 0.151 0.693 0.068 0.015
0 0.841 0.695 0.294 0.019
0 0.496 0.696 0.093 0.019
0 0.202 0.381 0.291 0.019
0 0.892 0.379 0.068 0.015
0 0.548 0.379 0.182 0.015
0 0.748 0.116 0.161 0.014
0 0.251 0.117 0.128 0.014
0 0.194 0.181 0.312 0.024
0 0.252 0.495 0.428 0.024
0 0.297 0.810 0.519 0.024
1 0.087 0.058 0.038 0.021
5 0.390 0.058 0.681 0.049
1 0.795 0.058 0.050 0.028
1 0.906 0.058 0.050 0.028
4 0.500 0.011 0.999 0.022
