0 0.360 0.114 0.481 0.021
1 0.915 0.057 0.048 0.029
2 0.500 0.057 0.297 0.036
1 0.085 0.113 0.035 0.020
2 0.101 0.967 0.044 0.025
1 0.301 0.967 0.068 0.026
1 0.502 0.968 0.047 0.028
1 0.700 0.967 0.050 0.026
1 0.899 0.967 0.039 0.026
5 0.500 0.113 0.904 0.050
0 0.167 0.193 0.162 0.016
0 0.500 0.193 0.086 0.016
0 0.835 0.193 0.090 0.016
0 0.159 0.325 0.225 0.018
0 0.159 0.510 0.221 0.018
0 0.289 0.694 0.479 0.017
0 0.222 0.879 0.351 0.018
2 0.858 0.862 0.229 0.143
2 0.870 0.694 0.207 0.176
2 0.849 0.509 0.239 0.176
2 0.845 0.325 0.226 0.176
4 0.500 0.011 0.999 0.022
