0 0.501 0.058 0.099 0.018
0 0.101 0.177 0.127 0.022
0 0.081 0.259 0.082 0.021
0 0.094 0.339 0.115 0.017
0 0.154 0.420 0.233 0.018
0 0.143 0.502 0.211 0.017
0 0.252 0.584 0.426 0.022
0 0.130 0.665 0.180 0.017
0 0.136 0.746 0.196 0.018
0 0.232 0.878 0.385 0.022
0 0.100 0.959 0.097 0.021
0 0.101 0.991 0.114 0.011
0 0.300 0.990 0.081 0.011
0 0.499 0.991 0.081 0.014
0 0.699 0.992 0.043 0.013
0 0.899 0.991 0.059 0.010
1 0.942 0.175 0.020 0.018
1 0.942 0.257 0.019 0.019
1 0.942 0.338 0.020 0.019
1 0.942 0.419 0.019 0.018
1 0.943 0.501 0.019 0.018
1 0.942 0.582 0.020 0.019
1 0.942 0.664 0.020 0.018
1 0.942 0.745 0.020 0.018
1 0.942 0.876 0.020 0.018
1 0.899 0.959 0.061 0.009
1 0.699 0.959 0.046 0.031
1 0.498 0.959 0.057 0.029
1 0.300 0.959 0.081 0.029
4 0.500 0.011 0.999 0.022
