0 0.263 0.595 0.442 0.018
0 0.073 0.396 0.092 0.016
0 0.217 0.140 0.357 0.019
0 0.917 0.042 0.015 0.011
0 0.417 0.373 0.123 0.013
0 0.486 0.432 0.262 0.035
0 0.745 0.373 0.123 0.013
0 0.820 0.434 0.274 0.038
0 0.730 0.395 0.090 0.016
0 0.399 0.395 0.084 0.016
0 0.160 0.434 0.267 0.038
0 0.088 0.374 0.123 0.014
2 0.491 0.677 0.138 0.039
2 0.820 0.677 0.108 0.044
1 0.935 0.644 0.048 0.027
1 0.606 0.644 0.049 0.028
1 0.277 0.643 0.051 0.029
2 0.162 0.678 0.072 0.075
0 0.071 0.774 0.090 0.016
0 0.159 0.812 0.269 0.038
0 0.395 0.774 0.083 0.016
0 0.485 0.812 0.267 0.038
0 0.727 0.774 0.091 0.016
0 0.814 0.813 0.264 0.038
1 0.500 0.959 0.044 0.025
1 0.301 0.959 0.050 0.024
1 0.101 0.959 0.044 0.025
0 0.101 0.991 0.068 0.010
0 0.301 0.990 0.106 0.011
0 0.500 0.992 0.153 0.013
1 0.698 0.959 0.048 0.027
0 0.698 0.991 0.081 0.011
0 0.899 0.991 0.097 0.010
1 0.900 0.959 0.049 0.028
3 0.886 0.893 0.146 0.041
3 0.557 0.893 0.146 0.041
3 0.229 0.893 0.147 0.042
3 0.231 0.514 0.147 0.042
3 0.560 0.514 0.146 0.041
3 0.888 0.514 0.146 0.041
0 0.178 0.216 0.271 0.017
0 0.912 0.065 0.096 0.017
2 0.608 0.052 0.061 0.038
0 0.465 0.062 0.203 0.042
1 0.946 0.041 0.029 0.017
2 0.083 0.057 0.068 0.029
0 0.195 0.116 0.313 0.016
3 0.837 0.128 0.256 0.037
1 0.937 0.265 0.050 0.028
1 0.609 0.264 0.050 0.028
1 0.280 0.264 0.050 0.027
2 0.171 0.299 0.132 0.082
2 0.494 0.299 0.126 0.069
2 0.824 0.298 0.060 0.076
4 0.500 0.011 0.999 0.022
