0 0.500 0.117 0.420 0.016
1 0.440 0.908 0.045 0.023
0 0.089 0.884 0.099 0.018
0 0.130 0.909 0.180 0.018
2 0.126 0.958 0.066 0.037
0 0.127 0.989 0.072 0.012
0 0.376 0.989 0.103 0.012
1 0.375 0.958 0.053 0.031
1 0.625 0.958 0.062 0.031
0 0.626 0.989 0.109 0.012
0 0.875 0.989 0.069 0.012
1 0.875 0.958 0.060 0.034
1 0.940 0.908 0.045 0.023
0 0.629 0.908 0.180 0.019
0 0.588 0.884 0.099 0.018
0 0.588 0.436 0.099 0.019
0 0.630 0.461 0.179 0.018
1 0.440 0.460 0.045 0.023
0 0.090 0.437 0.099 0.018
0 0.089 0.461 0.098 0.018
2 0.750 0.721 0.424 0.238
2 0.251 0.721 0.424 0.238
2 0.750 0.273 0.423 0.238
2 0.250 0.273 0.424 0.238
1 0.082 0.117 0.028 0.016
1 0.580 0.057 0.020 0.008
0 0.480 0.058 0.137 0.016
5 0.501 0.117 0.923 0.047
1 0.930 0.058 0.045 0.025
4 0.501 0.012 0.998 0.023
