4 0.500 0.011 0.999 0.022
1 0.057 0.058 0.023 0.024
0 0.500 0.057 0.167 0.021
1 0.081 0.140 0.063 0.036
1 0.942 0.141 0.020 0.018
0 0.313 0.145 0.329 0.020
0 0.501 0.208 0.038 0.015
0 0.078 0.273 0.076 0.017
0 0.116 0.341 0.153 0.017
0 0.614 0.341 0.151 0.017
0 0.101 0.411 0.123 0.021
0 0.073 0.478 0.068 0.016
0 0.591 0.478 0.101 0.017
7 0.251 0.478 0.423 0.027
7 0.751 0.477 0.423 0.027
5 0.500 0.545 0.941 0.065
0 0.136 0.545 0.195 0.018
0 0.106 0.613 0.134 0.017
5 0.500 0.611 0.942 0.055
3 0.500 0.946 0.927 0.068
5 0.500 0.275 0.942 0.058
5 0.257 0.340 0.452 0.062
5 0.746 0.340 0.452 0.062
5 0.501 0.408 0.942 0.062
