0 0.228 0.184 0.258 0.018
1 0.063 0.184 0.043 0.024
0 0.100 0.992 0.060 0.013
0 0.300 0.991 0.077 0.010
0 0.500 0.991 0.085 0.011
0 0.699 0.990 0.106 0.011
0 0.899 0.990 0.069 0.011
1 0.900 0.959 0.033 0.031
1 0.699 0.959 0.052 0.029
1 0.500 0.959 0.060 0.034
1 0.099 0.959 0.064 0.026
1 0.301 0.958 0.048 0.029
2 0.224 0.094 0.338 0.099
2 0.895 0.087 0.110 0.062
3 0.725 0.087 0.184 0.049
5 0.501 0.184 0.952 0.050
3 0.500 0.439 0.267 0.031
0 0.500 0.376 0.594 0.065
2 0.500 0.289 0.093 0.069
4 0.500 0.011 0.999 0.022
