1 0.076 0.129 0.035 0.020
0 0.501 0.130 0.109 0.018
0 0.250 0.245 0.380 0.034
7 0.501 0.314 0.883 0.031
0 0.141 0.315 0.163 0.022
7 0.501 0.376 0.883 0.031
0 0.142 0.378 0.165 0.022
7 0.501 0.439 0.883 0.031
0 0.141 0.440 0.163 0.022
7 0.501 0.501 0.884 0.031
0 0.135 0.503 0.152 0.022
0 0.252 0.647 0.387 0.035
0 0.104 0.715 0.088 0.022
7 0.501 0.751 0.883 0.054
0 0.337 0.756 0.555 0.044
0 0.145 0.824 0.170 0.018
7 0.501 0.862 0.884 0.054
0 0.347 0.867 0.576 0.044
3 0.773 0.953 0.378 0.062
0 0.122 0.953 0.125 0.016
4 0.500 0.011 0.999 0.022
