5 0.501 0.073 0.887 0.066
0 0.476 0.209 0.830 0.032
0 0.466 0.265 0.811 0.052
0 0.167 0.501 0.217 0.014
0 0.642 0.501 0.253 0.010
0 0.680 0.537 0.329 0.044
0 0.192 0.538 0.266 0.043
0 0.641 0.576 0.250 0.021
0 0.197 0.576 0.273 0.020
0 0.218 0.797 0.317 0.011
0 0.673 0.797 0.315 0.011
0 0.221 0.833 0.324 0.043
0 0.702 0.833 0.374 0.043
0 0.182 0.872 0.244 0.020
0 0.642 0.872 0.251 0.020
0 0.663 0.896 0.015 0.013
0 0.215 0.896 0.031 0.013
0 0.100 0.981 0.105 0.011
0 0.300 0.981 0.078 0.011
0 0.500 0.981 0.065 0.011
0 0.700 0.981 0.074 0.011
0 0.901 0.981 0.094 0.011
1 0.124 0.895 0.131 0.014
1 0.580 0.895 0.131 0.014
1 0.122 0.074 0.023 0.022
0 0.371 0.075 0.374 0.019
3 0.132 0.147 0.151 0.044
3 0.315 0.147 0.169 0.044
1 0.447 0.344 0.041 0.020
1 0.903 0.344 0.033 0.016
1 0.446 0.639 0.041 0.019
1 0.903 0.640 0.040 0.020
1 0.101 0.950 0.051 0.031
1 0.301 0.951 0.059 0.029
1 0.500 0.950 0.052 0.032
1 0.700 0.950 0.054 0.030
1 0.901 0.950 0.059 0.033
2 0.273 0.405 0.428 0.161
2 0.729 0.405 0.428 0.161
2 0.272 0.700 0.428 0.161
2 0.729 0.700 0.428 0.161
4 0.500 0.011 0.999 0.022
