0 0.501 0.058 0.283 0.024
0 0.244 0.201 0.297 0.019
0 0.221 0.303 0.130 0.014
0 0.500 0.303 0.152 0.015
0 0.780 0.303 0.101 0.015
0 0.160 0.496 0.224 0.013
0 0.189 0.589 0.280 0.087
0 0.214 0.669 0.325 0.042
0 0.875 0.987 0.108 0.010
0 0.625 0.985 0.067 0.010
0 0.376 0.985 0.060 0.010
0 0.125 0.987 0.064 0.010
1 0.126 0.956 0.074 0.038
1 0.375 0.956 0.088 0.033
1 0.625 0.956 0.061 0.031
1 0.875 0.956 0.068 0.038
1 0.381 0.682 0.049 0.008
1 0.220 0.270 0.068 0.038
1 0.500 0.269 0.068 0.029
2 0.780 0.269 0.064 0.038
2 0.893 0.126 0.070 0.038
1 0.112 0.127 0.054 0.030
1 0.062 0.057 0.026 0.027
1 0.903 0.056 0.064 0.030
0 0.341 0.126 0.347 0.015
5 0.500 0.126 0.883 0.050
2 0.500 0.652 0.999 0.558
4 0.500 0.011 0.999 0.022
2 0.781 0.292 0.250 0.120
2 0.501 0.292 0.250 0.120
2 0.221 0.292 0.250 0.120
