1 0.061 0.055 0.034 0.019
0 0.298 0.115 0.130 0.014
0 0.702 0.115 0.168 0.014
0 0.500 0.221 0.725 0.017
2 0.153 0.278 0.049 0.028
2 0.564 0.279 0.142 0.027
2 0.700 0.279 0.027 0.016
0 0.797 0.279 0.148 0.014
0 0.331 0.279 0.218 0.010
5 0.272 0.377 0.424 0.029
5 0.720 0.377 0.440 0.029
0 0.153 0.370 0.180 0.014
0 0.590 0.370 0.176 0.014
5 0.500 0.461 0.880 0.030
0 0.107 0.453 0.086 0.014
5 0.500 0.545 0.880 0.029
0 0.140 0.538 0.155 0.014
7 0.361 0.596 0.601 0.021
0 0.390 0.597 0.544 0.017
3 0.501 0.693 0.928 0.066
0 0.500 0.801 0.794 0.038
4 0.500 0.011 0.999 0.022
