0 0.274 0.072 0.333 0.019
0 0.200 0.447 0.322 0.019
0 0.712 0.460 0.381 0.044
0 0.637 0.500 0.232 0.012
0 0.157 0.474 0.233 0.012
0 0.100 0.504 0.120 0.016
0 0.554 0.530 0.065 0.016
0 0.100 0.991 0.115 0.011
0 0.300 0.990 0.081 0.011
0 0.500 0.992 0.080 0.013
0 0.699 0.992 0.043 0.013
0 0.899 0.991 0.058 0.010
0 0.099 0.959 0.097 0.021
1 0.300 0.959 0.081 0.029
1 0.499 0.959 0.056 0.029
1 0.699 0.959 0.046 0.031
6 0.899 0.959 0.061 0.009
1 0.074 0.071 0.035 0.019
2 0.260 0.264 0.443 0.322
2 0.740 0.265 0.443 0.322
2 0.260 0.776 0.442 0.315
2 0.740 0.776 0.442 0.314
5 0.501 0.071 0.928 0.049
4 0.500 0.011 0.999 0.022
