0 0.182 0.193 0.212 0.016
0 0.149 0.258 0.146 0.016
0 0.500 0.057 0.152 0.018
0 0.881 0.059 0.137 0.022
0 0.499 0.129 0.267 0.018
0 0.839 0.326 0.203 0.014
0 0.895 0.258 0.064 0.012
0 0.116 0.581 0.134 0.021
0 0.501 0.660 0.127 0.014
0 0.101 0.991 0.063 0.011
0 0.301 0.991 0.070 0.011
0 0.500 0.991 0.094 0.011
0 0.698 0.991 0.036 0.011
0 0.899 0.992 0.071 0.014
1 0.942 0.578 0.020 0.019
1 0.116 0.705 0.027 0.028
1 0.372 0.705 0.049 0.023
2 0.628 0.705 0.039 0.028
1 0.884 0.705 0.050 0.028
1 0.101 0.959 0.068 0.039
1 0.301 0.959 0.069 0.039
1 0.499 0.959 0.069 0.036
1 0.699 0.959 0.069 0.039
1 0.899 0.959 0.069 0.039
5 0.500 0.192 0.903 0.054
5 0.500 0.258 0.903 0.054
3 0.500 0.382 0.904 0.060
3 0.500 0.453 0.904 0.060
4 0.500 0.011 0.999 0.022
