0 0.329 0.054 0.251 0.018
0 0.274 0.118 0.207 0.020
1 0.169 0.054 0.035 0.020
5 0.462 0.055 0.662 0.050
0 0.888 0.059 0.121 0.023
0 0.376 0.140 0.412 0.017
0 0.545 0.281 0.520 0.043
0 0.390 0.331 0.211 0.014
0 0.448 0.464 0.325 0.022
0 0.403 0.499 0.238 0.016
0 0.553 0.630 0.534 0.018
0 0.417 0.668 0.265 0.014
0 0.432 0.799 0.293 0.018
0 0.399 0.837 0.229 0.018
0 0.100 0.988 0.085 0.014
0 0.300 0.989 0.174 0.018
0 0.500 0.989 0.129 0.017
0 0.699 0.989 0.074 0.018
0 0.900 0.988 0.062 0.014
1 0.096 0.132 0.057 0.039
1 0.100 0.959 0.060 0.033
1 0.301 0.959 0.060 0.032
1 0.500 0.960 0.067 0.038
2 0.699 0.959 0.064 0.037
1 0.899 0.959 0.066 0.031
0 0.095 0.210 0.112 0.020
3 0.620 0.374 0.675 0.044
3 0.620 0.543 0.675 0.044
3 0.620 0.711 0.675 0.044
3 0.620 0.880 0.675 0.044
2 0.155 0.309 0.190 0.109
2 0.155 0.503 0.195 0.078
2 0.155 0.672 0.059 0.110
2 0.155 0.840 0.195 0.047
4 0.500 0.011 0.999 0.022
