1 0.900 0.959 0.060 0.034
1 0.698 0.959 0.041 0.033
1 0.499 0.959 0.059 0.030
1 0.300 0.959 0.057 0.033
1 0.100 0.959 0.059 0.030
0 0.899 0.990 0.095 0.013
0 0.698 0.991 0.088 0.013
0 0.499 0.989 0.136 0.010
0 0.300 0.991 0.059 0.013
0 0.100 0.990 0.067 0.010
0 0.498 0.853 0.190 0.014
0 0.499 0.810 0.455 0.022
0 0.499 0.779 0.279 0.012
0 0.503 0.565 0.458 0.018
0 0.500 0.609 0.820 0.034
0 0.498 0.653 0.356 0.014
2 0.500 0.493 0.998 0.413
0 0.507 0.233 0.671 0.017
0 0.500 0.170 0.651 0.017
0 0.921 0.115 0.132 0.013
0 0.773 0.115 0.061 0.012
0 0.631 0.115 0.113 0.013
0 0.500 0.115 0.053 0.012
0 0.392 0.115 0.064 0.013
0 0.265 0.115 0.085 0.013
0 0.102 0.115 0.136 0.013
1 0.903 0.057 0.046 0.025
1 0.813 0.058 0.045 0.025
0 0.500 0.057 0.298 0.024
1 0.076 0.057 0.055 0.031
4 0.500 0.011 0.999 0.021
