0 0.228 0.023 0.102 0.017
0 0.247 0.089 0.140 0.017
0 0.335 0.156 0.316 0.021
0 0.379 0.221 0.404 0.022
0 0.274 0.286 0.196 0.021
0 0.246 0.374 0.143 0.022
0 0.355 0.437 0.356 0.018
0 0.359 0.504 0.366 0.022
0 0.288 0.567 0.222 0.017
0 0.242 0.635 0.130 0.021
0 0.281 0.721 0.210 0.017
0 0.307 0.786 0.262 0.017
0 0.245 0.853 0.138 0.021
0 0.304 0.918 0.256 0.022
0 0.324 0.982 0.293 0.017
2 0.069 0.983 0.054 0.025
2 0.068 0.918 0.035 0.028
1 0.068 0.852 0.048 0.028
2 0.068 0.787 0.045 0.031
1 0.068 0.722 0.049 0.028
2 0.069 0.634 0.049 0.025
1 0.068 0.567 0.044 0.028
1 0.068 0.504 0.045 0.014
1 0.068 0.438 0.050 0.028
2 0.068 0.373 0.035 0.028
1 0.068 0.284 0.055 0.020
2 0.068 0.220 0.050 0.028
1 0.068 0.154 0.050 0.017
2 0.068 0.089 0.050 0.028
2 0.069 0.024 0.048 0.025
