0 0.185 0.077 0.125 0.015
1 0.087 0.078 0.039 0.018
0 0.188 0.546 0.269 0.013
1 0.881 0.150 0.097 0.045
1 0.499 0.927 0.048 0.015
0 0.101 0.953 0.082 0.010
0 0.301 0.953 0.119 0.009
0 0.500 0.953 0.111 0.009
0 0.698 0.953 0.075 0.010
0 0.899 0.953 0.110 0.010
1 0.899 0.927 0.037 0.018
1 0.699 0.926 0.058 0.019
1 0.101 0.927 0.050 0.018
1 0.300 0.927 0.039 0.018
1 0.881 0.635 0.097 0.045
0 0.428 0.504 0.754 0.047
0 0.107 0.461 0.112 0.011
0 0.887 0.077 0.122 0.015
4 0.514 0.025 0.868 0.014
5 0.423 0.078 0.749 0.041
2 0.500 0.274 0.899 0.311
2 0.500 0.756 0.899 0.303
