4 0.513 0.025 0.869 0.014
0 0.585 0.844 0.118 0.016
0 0.753 0.815 0.452 0.032
0 0.075 0.844 0.097 0.016
0 0.251 0.813 0.451 0.029
1 0.910 0.596 0.057 0.027
1 0.411 0.596 0.059 0.027
0 0.581 0.491 0.111 0.016
0 0.710 0.461 0.370 0.032
0 0.081 0.491 0.111 0.016
0 0.251 0.459 0.452 0.029
1 0.911 0.242 0.059 0.028
1 0.411 0.242 0.060 0.028
0 0.896 0.074 0.107 0.015
0 0.500 0.076 0.524 0.017
1 0.078 0.073 0.027 0.021
0 0.193 0.124 0.185 0.012
0 0.479 0.124 0.163 0.012
0 0.757 0.126 0.191 0.017
1 0.882 0.124 0.016 0.015
2 0.754 0.679 0.459 0.215
2 0.254 0.679 0.459 0.215
2 0.754 0.325 0.459 0.215
2 0.254 0.325 0.459 0.215
0 0.899 0.955 0.139 0.012
0 0.699 0.953 0.090 0.010
0 0.500 0.953 0.052 0.009
0 0.300 0.954 0.060 0.012
0 0.101 0.953 0.069 0.009
1 0.897 0.929 0.046 0.016
1 0.699 0.929 0.047 0.022
1 0.498 0.930 0.055 0.023
1 0.300 0.929 0.068 0.020
1 0.099 0.930 0.052 0.022
