0 0.146 0.770 0.209 0.021
0 0.184 0.390 0.283 0.021
0 0.941 0.062 0.118 0.020
0 0.723 0.062 0.205 0.021
0 0.047 0.062 0.082 0.020
0 0.253 0.062 0.248 0.020
0 0.502 0.063 0.156 0.030
0 0.319 0.360 0.554 0.026
0 0.277 0.740 0.471 0.026
1 0.861 0.971 0.068 0.038
1 0.634 0.971 0.079 0.043
1 0.381 0.971 0.053 0.039
2 0.126 0.971 0.097 0.037
1 0.930 0.896 0.058 0.031
1 0.930 0.516 0.058 0.031
1 0.930 0.135 0.056 0.029
3 0.790 0.329 0.339 0.068
3 0.813 0.777 0.293 0.041
3 0.790 0.709 0.338 0.068
3 0.813 0.397 0.293 0.041
2 0.500 0.896 0.998 0.075
2 0.500 0.594 0.999 0.231
2 0.501 0.214 0.998 0.231
4 0.500 0.011 0.999 0.022
