0 0.250 0.060 0.126 0.021
0 0.751 0.058 0.088 0.016
0 0.284 0.310 0.473 0.017
0 0.450 0.340 0.808 0.021
0 0.310 0.740 0.530 0.015
0 0.446 0.771 0.799 0.021
0 0.092 0.804 0.093 0.019
0 0.126 0.991 0.062 0.011
0 0.376 0.992 0.087 0.014
0 0.626 0.990 0.150 0.011
0 0.875 0.992 0.097 0.014
1 0.875 0.959 0.050 0.028
1 0.644 0.955 0.086 0.036
1 0.376 0.959 0.049 0.028
1 0.125 0.959 0.048 0.033
1 0.799 0.447 0.088 0.049
1 0.911 0.447 0.089 0.050
1 0.871 0.365 0.143 0.016
1 0.871 0.797 0.143 0.016
3 0.501 0.881 0.952 0.060
2 0.501 0.183 0.957 0.192
2 0.500 0.559 0.957 0.301
4 0.500 0.011 0.999 0.022
