0 0.371 0.075 0.374 0.019
1 0.122 0.074 0.023 0.023
3 0.315 0.147 0.169 0.044
3 0.132 0.147 0.151 0.044
0 0.197 0.376 0.275 0.011
0 0.182 0.411 0.244 0.039
0 0.584 0.376 0.138 0.011
0 0.673 0.411 0.312 0.039
0 0.599 0.452 0.166 0.021
0 0.135 0.452 0.149 0.020
0 0.235 0.475 0.295 0.017
0 0.685 0.475 0.283 0.017
0 0.147 0.694 0.177 0.011
0 0.690 0.694 0.349 0.010
0 0.198 0.729 0.279 0.039
0 0.699 0.732 0.366 0.046
0 0.693 0.769 0.298 0.017
0 0.136 0.770 0.152 0.020
0 0.237 0.793 0.298 0.017
0 0.101 0.981 0.105 0.011
0 0.300 0.982 0.078 0.010
0 0.500 0.981 0.065 0.011
0 0.700 0.981 0.074 0.011
0 0.900 0.981 0.094 0.011
1 0.101 0.950 0.051 0.031
1 0.301 0.951 0.059 0.029
2 0.500 0.950 0.052 0.032
1 0.700 0.950 0.054 0.030
1 0.900 0.950 0.060 0.034
3 0.500 0.868 0.884 0.066
1 0.527 0.768 0.023 0.012
1 0.070 0.792 0.023 0.012
1 0.526 0.474 0.023 0.012
1 0.070 0.474 0.023 0.012
2 0.272 0.280 0.428 0.161
2 0.729 0.280 0.428 0.161
2 0.272 0.598 0.428 0.161
2 0.728 0.598 0.428 0.161
5 0.500 0.074 0.886 0.066
4 0.500 0.011 0.999 0.022
