0 0.359 0.075 0.349 0.022
0 0.900 0.981 0.094 0.011
1 0.901 0.950 0.059 0.033
0 0.700 0.981 0.074 0.011
1 0.700 0.949 0.055 0.030
0 0.500 0.981 0.065 0.011
2 0.500 0.950 0.052 0.032
0 0.300 0.982 0.078 0.010
1 0.301 0.950 0.059 0.029
0 0.101 0.981 0.105 0.011
1 0.101 0.950 0.052 0.031
3 0.500 0.836 0.885 0.066
1 0.580 0.748 0.131 0.014
0 0.676 0.749 0.042 0.012
0 0.639 0.725 0.246 0.020
0 0.704 0.684 0.376 0.040
0 0.547 0.649 0.064 0.011
1 0.903 0.493 0.039 0.019
2 0.729 0.553 0.428 0.161
1 0.124 0.723 0.130 0.014
0 0.221 0.725 0.043 0.012
0 0.176 0.700 0.230 0.020
0 0.226 0.674 0.335 0.018
0 0.106 0.649 0.093 0.011
1 0.447 0.493 0.039 0.020
2 0.273 0.553 0.428 0.160
1 0.580 0.429 0.131 0.014
0 0.677 0.430 0.043 0.013
0 0.640 0.406 0.247 0.020
0 0.658 0.365 0.285 0.040
0 0.605 0.330 0.179 0.011
0 0.229 0.430 0.061 0.013
1 0.124 0.428 0.131 0.014
0 0.180 0.406 0.239 0.020
0 0.252 0.365 0.386 0.040
0 0.106 0.330 0.094 0.011
1 0.904 0.174 0.039 0.019
2 0.728 0.234 0.428 0.160
1 0.448 0.174 0.040 0.021
2 0.273 0.234 0.428 0.161
5 0.501 0.074 0.886 0.066
1 0.123 0.074 0.037 0.021
4 0.500 0.011 0.999 0.021
