0 0.149 0.059 0.150 0.023
0 0.501 0.060 0.140 0.022
0 0.227 0.167 0.352 0.022
0 0.207 0.225 0.312 0.019
0 0.488 0.297 0.876 0.058
0 0.263 0.387 0.448 0.014
0 0.291 0.438 0.291 0.023
0 0.551 0.519 0.809 0.074
0 0.182 0.651 0.262 0.023
0 0.202 0.814 0.325 0.023
0 0.111 0.844 0.145 0.020
0 0.922 0.827 0.083 0.018
0 0.157 0.901 0.236 0.014
2 0.510 0.954 0.950 0.091
3 0.269 0.762 0.463 0.041
3 0.732 0.762 0.465 0.041
1 0.940 0.647 0.021 0.020
2 0.072 0.434 0.072 0.040
1 0.940 0.433 0.019 0.018
1 0.047 0.058 0.031 0.029
4 0.500 0.011 0.999 0.022
