0 0.263 0.733 0.174 0.018
0 0.270 0.638 0.186 0.017
0 0.224 0.542 0.093 0.018
0 0.271 0.447 0.187 0.017
0 0.272 0.352 0.189 0.018
5 0.500 0.741 0.653 0.036
5 0.501 0.647 0.652 0.035
5 0.500 0.551 0.653 0.037
5 0.500 0.457 0.653 0.035
5 0.500 0.361 0.653 0.037
0 0.114 0.059 0.079 0.014
2 0.500 0.161 0.513 0.107
0 0.499 0.253 0.692 0.027
0 0.262 0.312 0.169 0.016
0 0.261 0.408 0.167 0.015
0 0.219 0.502 0.084 0.016
0 0.260 0.598 0.166 0.015
0 0.254 0.693 0.154 0.016
0 0.365 0.813 0.377 0.019
3 0.500 0.935 0.653 0.089
1 0.047 0.058 0.031 0.029
4 0.500 0.011 0.999 0.022
