0 0.161 0.061 0.118 0.017
0 0.101 0.991 0.068 0.010
0 0.301 0.990 0.106 0.011
0 0.500 0.992 0.153 0.013
0 0.698 0.990 0.081 0.011
0 0.899 0.991 0.097 0.010
1 0.900 0.959 0.049 0.028
1 0.698 0.959 0.048 0.027
1 0.500 0.959 0.044 0.025
1 0.300 0.959 0.050 0.024
1 0.101 0.960 0.045 0.024
1 0.928 0.348 0.032 0.018
1 0.928 0.294 0.032 0.018
1 0.928 0.240 0.032 0.018
1 0.928 0.185 0.032 0.018
1 0.928 0.131 0.032 0.018
0 0.189 0.347 0.132 0.018
0 0.221 0.295 0.199 0.021
0 0.157 0.238 0.068 0.017
0 0.172 0.184 0.097 0.018
0 0.179 0.131 0.114 0.021
1 0.064 0.347 0.037 0.021
1 0.065 0.293 0.038 0.021
1 0.065 0.239 0.037 0.021
1 0.064 0.185 0.037 0.021
1 0.064 0.130 0.037 0.021
1 0.064 0.063 0.037 0.021
5 0.501 0.061 0.952 0.055
4 0.500 0.011 0.999 0.022
