0 0.149 0.059 0.149 0.023
0 0.501 0.057 0.281 0.019
0 0.187 0.165 0.271 0.019
0 0.478 0.226 0.857 0.036
0 0.147 0.311 0.194 0.019
0 0.117 0.406 0.134 0.014
0 0.113 0.458 0.128 0.023
0 0.255 0.516 0.411 0.019
0 0.491 0.577 0.882 0.036
0 0.103 0.649 0.105 0.014
0 0.200 0.700 0.303 0.019
0 0.826 0.700 0.163 0.019
0 0.413 0.762 0.727 0.039
0 0.188 0.848 0.274 0.022
0 0.491 0.906 0.883 0.037
0 0.302 0.970 0.502 0.014
1 0.047 0.058 0.031 0.029
1 0.934 0.515 0.032 0.014
1 0.942 0.699 0.021 0.019
4 0.500 0.011 0.999 0.022
