1 0.301 0.960 0.049 0.024
1 0.500 0.959 0.044 0.025
1 0.698 0.959 0.047 0.026
1 0.899 0.959 0.050 0.028
0 0.899 0.990 0.097 0.011
0 0.698 0.990 0.081 0.011
0 0.500 0.992 0.153 0.013
0 0.301 0.990 0.106 0.011
0 0.101 0.991 0.068 0.010
1 0.101 0.959 0.045 0.025
1 0.942 0.483 0.020 0.019
1 0.942 0.423 0.020 0.019
1 0.942 0.337 0.020 0.018
1 0.942 0.277 0.020 0.019
1 0.078 0.276 0.039 0.028
1 0.079 0.335 0.054 0.024
1 0.079 0.423 0.049 0.025
1 0.078 0.482 0.054 0.018
1 0.078 0.542 0.049 0.028
1 0.079 0.602 0.044 0.025
2 0.079 0.662 0.044 0.028
1 0.076 0.722 0.043 0.022
0 0.182 0.773 0.286 0.013
0 0.361 0.724 0.434 0.019
0 0.242 0.664 0.196 0.019
0 0.251 0.604 0.213 0.019
0 0.244 0.543 0.199 0.015
0 0.292 0.485 0.293 0.019
0 0.229 0.424 0.167 0.015
0 0.284 0.338 0.279 0.019
0 0.233 0.277 0.179 0.015
0 0.259 0.190 0.226 0.015
1 0.079 0.189 0.044 0.027
0 0.101 0.085 0.120 0.021
4 0.500 0.011 0.999 0.022
