0 0.500 0.265 0.078 0.029
0 0.167 0.478 0.076 0.017
0 0.500 0.500 0.059 0.014
0 0.834 0.478 0.022 0.017
0 0.500 0.057 0.130 0.028
0 0.500 0.119 0.126 0.016
0 0.501 0.478 0.064 0.017
0 0.167 0.500 0.071 0.014
0 0.835 0.500 0.064 0.014
0 0.362 0.570 0.216 0.029
0 0.329 0.609 0.153 0.015
0 0.371 0.699 0.233 0.025
0 0.404 0.740 0.213 0.015
0 0.424 0.833 0.341 0.022
0 0.313 0.867 0.121 0.015
0 0.168 0.990 0.097 0.011
0 0.500 0.991 0.067 0.013
0 0.833 0.990 0.126 0.014
0 0.907 0.119 0.062 0.016
0 0.500 0.302 0.102 0.021
2 0.917 0.053 0.080 0.042
2 0.087 0.055 0.078 0.039
1 0.059 0.120 0.027 0.029
1 0.932 0.191 0.048 0.027
2 0.501 0.261 0.348 0.196
1 0.167 0.413 0.117 0.066
2 0.500 0.413 0.118 0.066
2 0.834 0.413 0.117 0.066
2 0.116 0.587 0.157 0.088
2 0.117 0.717 0.156 0.088
2 0.117 0.848 0.157 0.088
2 0.167 0.959 0.059 0.034
2 0.499 0.959 0.060 0.034
2 0.833 0.959 0.074 0.038
1 0.923 0.717 0.051 0.029
1 0.923 0.587 0.051 0.029
4 0.500 0.011 0.999 0.022
