0 0.755 0.054 0.413 0.038
0 0.743 0.091 0.083 0.016
0 0.620 0.117 0.151 0.012
0 0.606 0.137 0.118 0.015
0 0.714 0.170 0.331 0.015
0 0.722 0.235 0.234 0.057
0 0.674 0.281 0.154 0.014
0 0.754 0.431 0.415 0.064
0 0.743 0.478 0.083 0.016
0 0.607 0.507 0.121 0.015
0 0.714 0.539 0.331 0.015
0 0.723 0.604 0.234 0.056
0 0.674 0.650 0.154 0.013
0 0.750 0.797 0.407 0.061
0 0.757 0.845 0.111 0.015
0 0.612 0.873 0.131 0.015
0 0.714 0.906 0.331 0.015
0 0.715 0.971 0.220 0.056
2 0.565 0.971 0.032 0.015
2 0.565 0.950 0.041 0.014
1 0.623 0.843 0.143 0.016
1 0.566 0.649 0.039 0.018
2 0.565 0.603 0.032 0.016
2 0.565 0.584 0.041 0.014
1 0.623 0.477 0.143 0.017
1 0.565 0.280 0.040 0.018
2 0.565 0.235 0.033 0.016
2 0.565 0.214 0.041 0.014
1 0.623 0.090 0.143 0.017
2 0.273 0.159 0.508 0.117
2 0.273 0.525 0.507 0.215
2 0.271 0.892 0.489 0.115
4 0.500 0.014 0.999 0.027
