3 0.500 0.635 0.253 0.044
3 0.204 0.578 0.170 0.044
3 0.396 0.578 0.180 0.044
3 0.589 0.579 0.169 0.044
3 0.786 0.578 0.191 0.044
3 0.758 0.521 0.206 0.044
3 0.485 0.521 0.303 0.044
3 0.228 0.521 0.176 0.044
3 0.160 0.464 0.172 0.044
3 0.341 0.464 0.155 0.044
3 0.577 0.465 0.282 0.044
3 0.831 0.464 0.191 0.044
3 0.859 0.407 0.145 0.044
3 0.679 0.407 0.180 0.044
3 0.442 0.407 0.258 0.044
3 0.183 0.407 0.227 0.044
3 0.231 0.350 0.220 0.044
3 0.426 0.350 0.135 0.044
3 0.583 0.351 0.141 0.044
3 0.775 0.350 0.209 0.044
3 0.795 0.293 0.200 0.044
3 0.587 0.293 0.183 0.044
3 0.399 0.293 0.157 0.044
3 0.204 0.293 0.197 0.044
1 0.082 0.066 0.039 0.017
0 0.501 0.155 0.748 0.087
0 0.501 0.236 0.829 0.023
3 0.500 0.935 0.808 0.066
4 0.500 0.011 0.999 0.022
