0 0.275 0.185 0.304 0.022
1 0.100 0.959 0.048 0.030
1 0.298 0.959 0.058 0.033
1 0.499 0.960 0.061 0.029
1 0.696 0.959 0.063 0.034
1 0.899 0.959 0.043 0.029
0 0.900 0.990 0.033 0.011
0 0.699 0.990 0.050 0.011
0 0.500 0.989 0.105 0.011
0 0.300 0.990 0.081 0.011
0 0.100 0.990 0.086 0.013
1 0.430 0.874 0.064 0.029
1 0.911 0.874 0.064 0.030
1 0.430 0.533 0.064 0.029
1 0.911 0.533 0.064 0.029
0 0.678 0.522 0.312 0.017
0 0.565 0.547 0.082 0.015
0 0.210 0.522 0.333 0.017
0 0.084 0.547 0.081 0.015
0 0.195 0.862 0.306 0.016
0 0.085 0.888 0.083 0.015
0 0.688 0.862 0.328 0.017
0 0.565 0.888 0.081 0.015
0 0.262 0.119 0.426 0.036
1 0.087 0.183 0.038 0.022
1 0.045 0.057 0.030 0.029
4 0.500 0.011 0.999 0.021
5 0.500 0.184 0.903 0.049
2 0.260 0.374 0.443 0.249
2 0.740 0.374 0.442 0.249
2 0.740 0.715 0.442 0.249
2 0.260 0.715 0.442 0.249
