0 0.158 0.319 0.217 0.021
0 0.132 0.382 0.163 0.018
0 0.192 0.447 0.285 0.018
0 0.149 0.512 0.198 0.018
0 0.147 0.579 0.194 0.021
0 0.136 0.644 0.170 0.021
0 0.163 0.709 0.224 0.021
0 0.195 0.773 0.292 0.018
0 0.079 0.838 0.057 0.018
0 0.133 0.904 0.164 0.018
0 0.133 0.969 0.165 0.018
1 0.065 0.057 0.030 0.029
0 0.264 0.186 0.144 0.014
2 0.733 0.182 0.463 0.136
1 0.941 0.317 0.020 0.020
1 0.940 0.382 0.021 0.019
1 0.941 0.448 0.021 0.019
1 0.940 0.513 0.021 0.020
1 0.941 0.578 0.020 0.019
1 0.940 0.643 0.021 0.019
1 0.940 0.709 0.021 0.019
1 0.940 0.774 0.021 0.019
1 0.941 0.839 0.020 0.020
1 0.941 0.904 0.020 0.019
1 0.940 0.969 0.021 0.020
4 0.500 0.011 0.999 0.022
