2 0.731 0.868 0.234 0.071
2 0.262 0.872 0.202 0.119
2 0.268 0.624 0.176 0.124
2 0.731 0.633 0.209 0.058
2 0.725 0.374 0.169 0.113
2 0.273 0.375 0.236 0.050
0 0.267 0.737 0.229 0.013
0 0.731 0.736 0.125 0.015
0 0.731 0.487 0.101 0.012
0 0.267 0.487 0.094 0.013
0 0.500 0.231 0.440 0.031
0 0.500 0.170 0.651 0.017
1 0.903 0.057 0.046 0.025
1 0.813 0.058 0.045 0.025
0 0.500 0.057 0.298 0.024
1 0.076 0.057 0.055 0.031
0 0.831 0.115 0.136 0.013
0 0.648 0.115 0.132 0.013
0 0.500 0.115 0.062 0.012
0 0.358 0.115 0.113 0.013
0 0.227 0.115 0.052 0.012
0 0.119 0.115 0.064 0.013
1 0.900 0.959 0.060 0.034
1 0.698 0.959 0.041 0.033
1 0.499 0.959 0.059 0.030
1 0.300 0.959 0.057 0.033
1 0.100 0.959 0.059 0.030
0 0.899 0.990 0.095 0.013
0 0.698 0.991 0.088 0.013
0 0.499 0.989 0.136 0.010
0 0.300 0.991 0.059 0.013
0 0.100 0.990 0.067 0.010
4 0.500 0.011 0.999 0.021
