0 0.241 0.642 0.382 0.021
0 0.244 0.547 0.387 0.020
0 0.229 0.452 0.356 0.021
0 0.227 0.357 0.353 0.020
5 0.500 0.649 0.904 0.035
5 0.500 0.554 0.904 0.035
5 0.500 0.459 0.904 0.035
5 0.500 0.361 0.903 0.042
0 0.244 0.138 0.389 0.013
0 0.260 0.296 0.421 0.013
0 0.152 0.399 0.202 0.011
0 0.091 0.494 0.081 0.010
0 0.124 0.589 0.149 0.011
0 0.125 0.684 0.150 0.011
0 0.500 0.738 0.562 0.044
3 0.501 0.936 0.903 0.082
1 0.926 0.355 0.054 0.030
3 0.262 0.201 0.428 0.063
3 0.738 0.201 0.428 0.063
1 0.066 0.055 0.037 0.021
4 0.500 0.011 0.999 0.022
