0 0.409 0.060 0.411 0.021
0 0.355 0.121 0.352 0.019
0 0.841 0.121 0.213 0.019
0 0.613 0.284 0.133 0.014
0 0.756 0.327 0.421 0.062
0 0.767 0.380 0.132 0.014
0 0.632 0.406 0.171 0.013
0 0.622 0.427 0.151 0.016
0 0.752 0.491 0.295 0.055
0 0.674 0.538 0.154 0.013
0 0.760 0.684 0.423 0.062
0 0.758 0.732 0.114 0.016
0 0.624 0.758 0.155 0.012
0 0.613 0.778 0.132 0.015
0 0.754 0.844 0.296 0.057
0 0.674 0.889 0.154 0.013
3 0.500 0.955 0.233 0.047
1 0.565 0.888 0.040 0.018
2 0.565 0.843 0.043 0.015
2 0.565 0.823 0.041 0.014
1 0.623 0.731 0.143 0.017
1 0.565 0.537 0.040 0.018
2 0.564 0.491 0.043 0.014
2 0.564 0.471 0.040 0.014
1 0.623 0.379 0.143 0.017
1 0.928 0.058 0.055 0.029
1 0.833 0.058 0.050 0.027
1 0.739 0.057 0.045 0.024
1 0.066 0.054 0.055 0.025
1 0.384 0.187 0.027 0.009
1 0.703 0.187 0.027 0.009
1 0.941 0.187 0.027 0.009
3 0.118 0.186 0.187 0.044
3 0.325 0.187 0.206 0.044
3 0.593 0.186 0.308 0.044
3 0.872 0.186 0.227 0.044
2 0.273 0.405 0.263 0.286
2 0.273 0.771 0.229 0.284
4 0.500 0.011 0.999 0.022
