6 0.501 0.055 0.093 0.009
0 0.502 0.136 0.564 0.036
0 0.247 0.455 0.377 0.043
0 0.739 0.468 0.386 0.068
0 0.866 0.538 0.154 0.021
0 0.562 0.537 0.038 0.022
0 0.378 0.539 0.156 0.021
0 0.076 0.538 0.038 0.022
0 0.223 0.800 0.333 0.041
0 0.699 0.801 0.306 0.043
0 0.866 0.884 0.154 0.021
0 0.562 0.883 0.036 0.022
0 0.380 0.884 0.150 0.021
0 0.075 0.883 0.038 0.022
0 0.101 0.990 0.073 0.011
0 0.300 0.990 0.074 0.011
0 0.500 0.990 0.086 0.011
0 0.699 0.991 0.122 0.014
0 0.900 0.992 0.143 0.013
2 0.899 0.959 0.071 0.027
1 0.699 0.959 0.043 0.029
1 0.499 0.959 0.048 0.027
1 0.301 0.958 0.045 0.030
1 0.100 0.959 0.052 0.026
2 0.124 0.884 0.040 0.020
2 0.610 0.883 0.040 0.020
2 0.124 0.538 0.041 0.020
2 0.612 0.538 0.041 0.020
2 0.257 0.324 0.464 0.174
2 0.744 0.324 0.464 0.174
2 0.744 0.669 0.464 0.174
2 0.257 0.669 0.464 0.174
4 0.500 0.011 0.999 0.022
