0 0.501 0.059 0.174 0.023
0 0.174 0.130 0.225 0.035
0 0.700 0.129 0.329 0.036
0 0.233 0.412 0.341 0.035
0 0.703 0.412 0.316 0.036
0 0.609 0.692 0.147 0.035
0 0.246 0.694 0.347 0.035
0 0.233 0.972 0.372 0.017
3 0.857 0.971 0.201 0.044
1 0.068 0.057 0.040 0.014
1 0.183 0.058 0.048 0.037
1 0.818 0.056 0.043 0.024
1 0.932 0.057 0.035 0.020
2 0.264 0.227 0.449 0.253
2 0.737 0.227 0.449 0.253
2 0.264 0.508 0.449 0.253
2 0.737 0.509 0.449 0.253
2 0.737 0.789 0.449 0.253
2 0.264 0.790 0.450 0.253
4 0.500 0.011 0.999 0.022
