0 0.500 0.058 0.289 0.016
0 0.500 0.120 0.561 0.025
0 0.461 0.201 0.385 0.024
0 0.478 0.240 0.416 0.020
0 0.402 0.330 0.267 0.024
0 0.480 0.365 0.417 0.020
0 0.385 0.460 0.225 0.025
0 0.483 0.494 0.416 0.020
0 0.400 0.590 0.259 0.023
0 0.401 0.624 0.261 0.020
1 0.908 0.602 0.019 0.016
1 0.908 0.474 0.019 0.016
1 0.908 0.347 0.019 0.016
1 0.908 0.219 0.019 0.017
1 0.081 0.056 0.026 0.024
2 0.163 0.219 0.132 0.064
2 0.164 0.346 0.131 0.064
2 0.168 0.474 0.133 0.065
2 0.165 0.601 0.127 0.075
4 0.500 0.011 0.999 0.022
