1 0.668 0.294 0.017 0.010
1 0.050 0.059 0.032 0.015
0 0.500 0.059 0.278 0.025
0 0.500 0.202 0.687 0.018
0 0.487 0.295 0.324 0.017
3 0.501 0.251 0.952 0.048
0 0.156 0.363 0.258 0.017
0 0.888 0.361 0.118 0.014
1 0.966 0.361 0.017 0.010
0 0.289 0.430 0.226 0.019
0 0.930 0.428 0.089 0.014
0 0.221 0.459 0.093 0.014
0 0.271 0.494 0.195 0.014
0 0.920 0.569 0.109 0.014
0 0.242 0.572 0.132 0.020
0 0.221 0.600 0.093 0.014
0 0.200 0.636 0.051 0.014
0 0.920 0.711 0.109 0.014
0 0.289 0.711 0.230 0.016
0 0.221 0.742 0.093 0.014
0 0.564 0.800 0.778 0.059
2 0.508 0.937 0.508 0.125
2 0.114 0.719 0.074 0.042
2 0.114 0.577 0.074 0.042
2 0.114 0.436 0.074 0.042
2 0.500 0.169 0.999 0.337
4 0.500 0.011 0.999 0.022
