2 0.738 0.918 0.448 0.011
2 0.263 0.918 0.447 0.012
1 0.901 0.963 0.062 0.024
1 0.698 0.963 0.068 0.033
1 0.500 0.962 0.056 0.031
1 0.301 0.962 0.062 0.032
1 0.101 0.963 0.060 0.035
0 0.245 0.652 0.409 0.024
2 0.738 0.764 0.447 0.161
2 0.262 0.763 0.446 0.160
2 0.263 0.467 0.445 0.160
2 0.738 0.466 0.447 0.161
2 0.738 0.237 0.448 0.161
2 0.262 0.237 0.448 0.161
0 0.694 0.871 0.287 0.019
0 0.176 0.869 0.203 0.015
0 0.617 0.572 0.133 0.016
0 0.171 0.572 0.195 0.015
0 0.138 0.342 0.125 0.015
0 0.617 0.345 0.136 0.019
0 0.248 0.126 0.416 0.024
0 0.500 0.059 0.224 0.024
4 0.500 0.011 0.999 0.022
