1 0.064 0.056 0.034 0.030
0 0.899 0.057 0.100 0.018
0 0.501 0.202 0.596 0.033
0 0.499 0.275 0.824 0.070
0 0.300 0.413 0.525 0.014
2 0.097 0.483 0.123 0.068
0 0.250 0.470 0.110 0.017
7 0.573 0.487 0.760 0.038
0 0.298 0.498 0.209 0.014
2 0.097 0.587 0.122 0.069
0 0.316 0.576 0.242 0.021
7 0.573 0.590 0.758 0.038
0 0.304 0.601 0.220 0.014
2 0.097 0.690 0.123 0.069
0 0.302 0.679 0.215 0.020
7 0.573 0.693 0.759 0.038
0 0.298 0.705 0.209 0.014
2 0.097 0.793 0.122 0.069
0 0.312 0.782 0.234 0.020
7 0.574 0.796 0.759 0.038
0 0.304 0.808 0.220 0.014
2 0.097 0.897 0.122 0.068
0 0.259 0.885 0.132 0.020
7 0.574 0.900 0.759 0.038
0 0.305 0.911 0.221 0.014
4 0.500 0.011 0.999 0.022
