4 0.500 0.012 0.999 0.024
1 0.046 0.058 0.031 0.029
0 0.500 0.058 0.171 0.026
3 0.500 0.132 0.951 0.061
0 0.501 0.195 0.040 0.013
5 0.500 0.258 0.951 0.061
0 0.111 0.258 0.093 0.014
5 0.501 0.333 0.952 0.061
0 0.138 0.332 0.147 0.015
5 0.262 0.407 0.475 0.061
5 0.739 0.407 0.474 0.061
0 0.147 0.407 0.163 0.014
0 0.597 0.483 0.109 0.014
0 0.101 0.483 0.069 0.014
7 0.267 0.482 0.404 0.028
7 0.744 0.482 0.403 0.028
1 0.936 0.557 0.020 0.017
0 0.129 0.559 0.129 0.019
1 0.936 0.632 0.020 0.017
0 0.168 0.632 0.204 0.015
0 0.464 0.905 0.849 0.018
5 0.500 0.631 0.951 0.061
5 0.500 0.557 0.951 0.061
3 0.500 0.956 0.952 0.062
