4 0.500 0.011 0.999 0.022
0 0.207 0.162 0.300 0.025
0 0.153 0.205 0.187 0.021
0 0.778 0.288 0.363 0.019
0 0.090 0.287 0.100 0.017
0 0.088 0.688 0.094 0.013
0 0.185 0.708 0.287 0.014
0 0.088 0.751 0.097 0.016
0 0.595 0.688 0.148 0.013
0 0.734 0.718 0.432 0.034
0 0.568 0.771 0.097 0.016
0 0.589 0.794 0.134 0.013
0 0.101 0.991 0.068 0.010
0 0.301 0.992 0.118 0.014
0 0.499 0.992 0.060 0.014
0 0.698 0.990 0.096 0.011
0 0.899 0.991 0.081 0.011
1 0.100 0.959 0.056 0.032
2 0.301 0.960 0.055 0.029
2 0.500 0.960 0.055 0.029
1 0.699 0.960 0.055 0.029
1 0.897 0.959 0.045 0.031
1 0.048 0.060 0.022 0.021
1 0.820 0.057 0.033 0.020
1 0.932 0.057 0.035 0.021
2 0.239 0.498 0.357 0.213
2 0.741 0.500 0.262 0.333
