0 0.450 0.964 0.082 0.011
0 0.333 0.238 0.217 0.018
0 0.295 0.320 0.138 0.019
0 0.297 0.730 0.140 0.022
0 0.323 0.646 0.192 0.018
0 0.344 0.565 0.239 0.018
0 0.267 0.401 0.081 0.018
0 0.296 0.486 0.136 0.017
3 0.466 0.485 0.105 0.029
0 0.438 0.938 0.533 0.034
1 0.138 0.727 0.035 0.031
1 0.138 0.646 0.074 0.029
1 0.137 0.564 0.055 0.033
1 0.138 0.485 0.063 0.035
1 0.139 0.401 0.059 0.035
2 0.139 0.319 0.058 0.029
1 0.138 0.238 0.043 0.031
2 0.138 0.157 0.063 0.034
0 0.297 0.160 0.143 0.022
0 0.277 0.076 0.089 0.018
2 0.142 0.075 0.081 0.042
4 0.500 0.011 0.999 0.022
