0 0.359 0.264 0.543 0.021
0 0.416 0.927 0.227 0.021
0 0.416 0.954 0.227 0.021
0 0.416 0.982 0.227 0.020
0 0.118 0.981 0.146 0.021
0 0.131 0.954 0.173 0.020
0 0.167 0.839 0.243 0.020
0 0.132 0.925 0.174 0.017
0 0.214 0.882 0.336 0.021
0 0.254 0.797 0.419 0.047
0 0.109 0.748 0.130 0.016
0 0.318 0.718 0.549 0.023
2 0.499 0.572 0.997 0.242
0 0.239 0.428 0.391 0.019
3 0.501 0.338 0.913 0.055
5 0.501 0.262 0.913 0.055
0 0.107 0.194 0.122 0.018
0 0.259 0.160 0.427 0.019
0 0.163 0.114 0.232 0.019
0 0.501 0.057 0.224 0.019
1 0.070 0.057 0.040 0.023
4 0.500 0.011 0.999 0.022
