1 0.047 0.058 0.031 0.029
1 0.922 0.057 0.049 0.028
0 0.225 0.057 0.304 0.018
0 0.501 0.057 0.150 0.018
2 0.814 0.121 0.056 0.035
1 0.935 0.121 0.063 0.035
7 0.135 0.121 0.209 0.028
1 0.694 0.121 0.064 0.028
0 0.169 0.121 0.141 0.015
2 0.761 0.305 0.261 0.177
2 0.267 0.305 0.311 0.177
0 0.160 0.419 0.143 0.021
0 0.652 0.419 0.138 0.021
1 0.181 0.498 0.197 0.019
1 0.675 0.498 0.197 0.019
0 0.316 0.499 0.035 0.017
0 0.821 0.499 0.056 0.017
0 0.256 0.538 0.341 0.038
0 0.760 0.541 0.357 0.041
2 0.130 0.704 0.213 0.129
0 0.588 0.686 0.664 0.046
0 0.345 0.734 0.178 0.026
2 0.130 0.863 0.143 0.129
0 0.621 0.847 0.730 0.050
0 0.347 0.893 0.180 0.026
1 0.499 0.959 0.056 0.031
1 0.900 0.959 0.057 0.032
1 0.699 0.959 0.040 0.030
2 0.100 0.959 0.093 0.027
1 0.301 0.959 0.047 0.023
0 0.301 0.983 0.070 0.011
0 0.100 0.984 0.059 0.013
0 0.699 0.983 0.076 0.011
0 0.899 0.983 0.097 0.011
0 0.500 0.983 0.051 0.011
4 0.500 0.011 0.999 0.022
