0 0.912 0.065 0.096 0.017
0 0.917 0.041 0.014 0.011
0 0.502 0.060 0.441 0.022
0 0.186 0.137 0.294 0.022
0 0.231 0.239 0.382 0.022
0 0.138 0.343 0.199 0.026
0 0.215 0.445 0.352 0.026
0 0.250 0.547 0.421 0.027
0 0.085 0.645 0.106 0.022
0 0.179 0.751 0.279 0.027
0 0.074 0.849 0.084 0.024
0 0.101 0.991 0.068 0.010
0 0.301 0.990 0.106 0.011
0 0.500 0.993 0.153 0.012
0 0.698 0.991 0.081 0.011
0 0.899 0.991 0.097 0.010
1 0.946 0.041 0.029 0.017
1 0.100 0.959 0.044 0.025
1 0.301 0.959 0.050 0.024
1 0.499 0.959 0.045 0.025
1 0.698 0.959 0.048 0.027
1 0.899 0.959 0.050 0.028
1 0.953 0.138 0.023 0.021
1 0.953 0.240 0.023 0.021
1 0.953 0.341 0.023 0.021
1 0.953 0.443 0.023 0.021
1 0.953 0.545 0.023 0.021
1 0.953 0.647 0.023 0.021
1 0.952 0.749 0.023 0.021
1 0.953 0.851 0.023 0.021
2 0.810 0.139 0.170 0.058
2 0.815 0.239 0.140 0.060
2 0.810 0.342 0.077 0.059
2 0.808 0.443 0.152 0.058
2 0.835 0.543 0.110 0.048
2 0.834 0.646 0.108 0.044
2 0.840 0.749 0.095 0.066
2 0.838 0.848 0.101 0.062
4 0.500 0.011 0.999 0.022
