0 0.502 0.059 0.309 0.024
0 0.199 0.120 0.343 0.017
0 0.130 0.174 0.209 0.019
0 0.297 0.211 0.288 0.014
0 0.292 0.238 0.280 0.017
0 0.429 0.291 0.783 0.038
0 0.136 0.410 0.221 0.019
0 0.309 0.461 0.313 0.043
0 0.432 0.526 0.791 0.038
0 0.169 0.645 0.287 0.019
0 0.866 0.219 0.072 0.021
0 0.867 0.242 0.126 0.013
0 0.867 0.454 0.094 0.021
0 0.867 0.478 0.128 0.012
0 0.310 0.697 0.313 0.043
0 0.866 0.691 0.101 0.021
0 0.867 0.713 0.128 0.013
0 0.432 0.762 0.791 0.038
0 0.132 0.881 0.211 0.019
0 0.866 0.926 0.104 0.021
0 0.867 0.949 0.162 0.013
0 0.316 0.933 0.327 0.043
0 0.438 0.986 0.801 0.015
3 0.501 0.823 0.929 0.048
3 0.500 0.587 0.928 0.048
3 0.501 0.351 0.928 0.048
1 0.940 0.058 0.026 0.014
1 0.086 0.227 0.097 0.054
1 0.085 0.463 0.098 0.054
1 0.085 0.698 0.098 0.054
1 0.086 0.934 0.100 0.055
