0 0.187 0.800 0.291 0.021
0 0.188 0.419 0.291 0.021
0 0.853 0.062 0.293 0.021
0 0.145 0.062 0.288 0.020
0 0.502 0.063 0.297 0.031
0 0.237 0.373 0.390 0.051
0 0.237 0.753 0.390 0.051
1 0.861 0.971 0.068 0.038
1 0.635 0.971 0.079 0.043
1 0.381 0.971 0.053 0.039
2 0.126 0.972 0.097 0.038
1 0.930 0.896 0.056 0.029
1 0.930 0.516 0.056 0.029
1 0.930 0.135 0.056 0.029
3 0.790 0.329 0.339 0.068
3 0.813 0.777 0.293 0.042
3 0.790 0.709 0.339 0.068
3 0.813 0.397 0.293 0.041
2 0.500 0.896 0.998 0.075
2 0.500 0.594 0.998 0.231
2 0.500 0.214 0.999 0.231
4 0.500 0.011 0.999 0.022
