0 0.149 0.059 0.150 0.023
0 0.499 0.057 0.106 0.022
0 0.244 0.118 0.390 0.014
0 0.235 0.167 0.153 0.019
0 0.798 0.170 0.218 0.023
0 0.274 0.222 0.233 0.019
0 0.373 0.251 0.433 0.017
0 0.273 0.299 0.229 0.018
0 0.330 0.328 0.346 0.016
0 0.386 0.385 0.456 0.023
0 0.273 0.442 0.232 0.019
0 0.421 0.503 0.742 0.036
0 0.176 0.576 0.250 0.014
0 0.242 0.628 0.383 0.022
0 0.430 0.678 0.758 0.017
0 0.273 0.752 0.444 0.023
0 0.496 0.811 0.892 0.036
0 0.118 0.899 0.131 0.023
0 0.190 0.956 0.276 0.019
1 0.047 0.058 0.031 0.030
1 0.084 0.167 0.071 0.040
2 0.084 0.234 0.072 0.040
2 0.085 0.312 0.071 0.040
1 0.084 0.381 0.072 0.040
2 0.084 0.441 0.071 0.040
1 0.942 0.313 0.020 0.018
1 0.942 0.236 0.020 0.019
1 0.942 0.167 0.020 0.019
4 0.500 0.011 0.999 0.022
