0 0.501 0.060 0.330 0.024
0 0.115 0.058 0.081 0.017
0 0.904 0.060 0.072 0.020
0 0.248 0.104 0.445 0.022
0 0.103 0.137 0.171 0.014
0 0.160 0.455 0.242 0.030
0 0.346 0.459 0.061 0.015
0 0.443 0.459 0.060 0.014
0 0.566 0.461 0.118 0.019
0 0.323 0.494 0.569 0.019
0 0.237 0.527 0.398 0.016
1 0.940 0.152 0.072 0.038
1 0.047 0.058 0.031 0.029
1 0.940 0.602 0.072 0.037
0 0.195 0.978 0.232 0.019
0 0.078 0.909 0.080 0.014
0 0.282 0.905 0.291 0.030
0 0.499 0.909 0.078 0.015
0 0.616 0.909 0.088 0.014
0 0.768 0.911 0.143 0.019
0 0.383 0.945 0.689 0.021
0 0.103 0.586 0.171 0.014
2 0.500 0.273 0.999 0.300
2 0.500 0.722 0.999 0.300
4 0.500 0.011 0.999 0.022
