1 0.922 0.057 0.050 0.029
1 0.046 0.058 0.030 0.029
0 0.226 0.057 0.304 0.018
0 0.500 0.057 0.149 0.017
2 0.814 0.121 0.057 0.035
1 0.935 0.121 0.063 0.035
7 0.136 0.121 0.209 0.028
1 0.693 0.121 0.064 0.028
0 0.170 0.121 0.142 0.015
2 0.130 0.225 0.192 0.109
0 0.619 0.210 0.724 0.049
0 0.345 0.268 0.176 0.026
2 0.130 0.393 0.203 0.113
0 0.615 0.377 0.717 0.050
0 0.345 0.435 0.176 0.026
2 0.130 0.556 0.115 0.129
0 0.604 0.540 0.696 0.050
0 0.361 0.587 0.208 0.026
2 0.130 0.715 0.171 0.129
0 0.605 0.699 0.699 0.050
0 0.353 0.746 0.192 0.027
2 0.130 0.871 0.172 0.124
0 0.605 0.858 0.699 0.050
0 0.363 0.904 0.212 0.026
1 0.499 0.959 0.056 0.031
1 0.899 0.959 0.056 0.032
1 0.700 0.959 0.040 0.030
2 0.100 0.959 0.093 0.027
1 0.301 0.959 0.048 0.023
0 0.100 0.984 0.060 0.013
0 0.500 0.983 0.051 0.011
0 0.700 0.983 0.076 0.011
0 0.301 0.983 0.070 0.010
0 0.899 0.983 0.096 0.010
4 0.500 0.011 0.999 0.022
