0 0.132 0.317 0.163 0.018
0 0.155 0.384 0.212 0.022
0 0.167 0.449 0.235 0.022
0 0.098 0.512 0.094 0.018
0 0.143 0.577 0.186 0.018
0 0.105 0.643 0.110 0.018
0 0.156 0.708 0.213 0.018
0 0.258 0.773 0.415 0.018
0 0.118 0.838 0.136 0.018
0 0.179 0.905 0.257 0.021
0 0.130 0.969 0.160 0.018
1 0.940 0.969 0.021 0.019
1 0.940 0.904 0.021 0.019
1 0.940 0.839 0.021 0.019
1 0.940 0.774 0.021 0.020
1 0.940 0.708 0.021 0.020
1 0.941 0.643 0.020 0.020
1 0.941 0.578 0.020 0.020
1 0.940 0.513 0.021 0.020
1 0.940 0.447 0.021 0.020
1 0.941 0.382 0.020 0.020
1 0.940 0.317 0.021 0.020
1 0.065 0.057 0.030 0.029
0 0.273 0.186 0.404 0.014
2 0.733 0.182 0.463 0.136
4 0.500 0.011 0.999 0.022
