0 0.477 0.157 0.878 0.103
0 0.201 0.236 0.298 0.014
0 0.623 0.236 0.456 0.014
1 0.866 0.239 0.011 0.012
1 0.364 0.239 0.012 0.012
0 0.601 0.328 0.151 0.014
0 0.731 0.378 0.411 0.058
0 0.622 0.544 0.192 0.014
0 0.702 0.594 0.354 0.058
0 0.682 0.761 0.313 0.017
0 0.711 0.800 0.368 0.039
0 0.876 0.990 0.097 0.011
0 0.626 0.990 0.075 0.011
0 0.376 0.990 0.103 0.011
0 0.126 0.990 0.068 0.011
1 0.124 0.958 0.052 0.019
2 0.375 0.960 0.052 0.025
2 0.624 0.958 0.054 0.024
1 0.875 0.959 0.052 0.029
2 0.269 0.830 0.440 0.191
2 0.269 0.614 0.440 0.191
2 0.275 0.378 0.428 0.150
1 0.066 0.054 0.055 0.025
1 0.928 0.058 0.055 0.029
4 0.500 0.011 0.999 0.022
