0 0.409 0.059 0.364 0.020
0 0.355 0.121 0.351 0.019
0 0.841 0.121 0.214 0.019
0 0.613 0.284 0.133 0.015
0 0.759 0.326 0.426 0.062
0 0.767 0.375 0.130 0.016
0 0.624 0.400 0.155 0.012
0 0.609 0.421 0.124 0.015
0 0.777 0.486 0.344 0.057
0 0.674 0.532 0.153 0.013
0 0.723 0.693 0.351 0.062
0 0.760 0.742 0.118 0.016
0 0.602 0.770 0.110 0.015
0 0.777 0.834 0.344 0.057
0 0.674 0.880 0.154 0.013
3 0.500 0.955 0.233 0.047
1 0.566 0.879 0.039 0.018
2 0.565 0.834 0.032 0.016
2 0.565 0.813 0.041 0.014
1 0.623 0.740 0.143 0.017
1 0.566 0.531 0.039 0.018
2 0.565 0.486 0.032 0.015
2 0.565 0.465 0.041 0.014
1 0.622 0.373 0.143 0.017
1 0.066 0.054 0.056 0.025
1 0.739 0.057 0.045 0.024
1 0.833 0.058 0.050 0.027
1 0.928 0.058 0.055 0.029
1 0.385 0.187 0.027 0.009
1 0.803 0.187 0.027 0.009
3 0.930 0.187 0.141 0.044
3 0.643 0.187 0.407 0.044
3 0.325 0.186 0.206 0.044
3 0.118 0.186 0.187 0.044
2 0.273 0.405 0.507 0.166
2 0.273 0.772 0.507 0.156
4 0.500 0.011 0.999 0.022
