2 0.698 0.959 0.052 0.029
2 0.501 0.959 0.060 0.033
1 0.302 0.958 0.048 0.029
1 0.100 0.959 0.064 0.026
0 0.101 0.992 0.060 0.014
0 0.301 0.991 0.078 0.010
0 0.500 0.990 0.085 0.011
0 0.699 0.990 0.105 0.011
0 0.899 0.991 0.070 0.011
1 0.900 0.959 0.032 0.031
2 0.174 0.331 0.336 0.109
2 0.176 0.494 0.322 0.105
2 0.176 0.725 0.230 0.028
2 0.179 0.889 0.324 0.053
2 0.528 0.877 0.296 0.113
2 0.865 0.877 0.271 0.113
2 0.866 0.721 0.269 0.131
2 0.527 0.721 0.299 0.126
0 0.256 0.621 0.451 0.020
2 0.528 0.490 0.298 0.125
2 0.866 0.490 0.269 0.125
2 0.864 0.326 0.271 0.125
2 0.528 0.327 0.299 0.125
2 0.176 0.167 0.247 0.054
2 0.528 0.163 0.299 0.125
2 0.866 0.164 0.269 0.125
0 0.821 0.057 0.163 0.013
0 0.589 0.059 0.100 0.016
0 0.330 0.059 0.213 0.016
0 0.094 0.058 0.059 0.013
4 0.500 0.011 0.999 0.022
