0 0.126 0.554 0.114 0.010
0 0.127 0.448 0.115 0.010
0 0.120 0.338 0.104 0.010
0 0.097 0.233 0.058 0.011
0 0.105 0.058 0.110 0.016
0 0.501 0.059 0.266 0.016
0 0.887 0.060 0.128 0.020
0 0.502 0.139 0.519 0.045
0 0.093 0.190 0.084 0.013
0 0.122 0.297 0.142 0.013
0 0.331 0.379 0.560 0.016
0 0.130 0.406 0.157 0.013
0 0.129 0.512 0.156 0.012
0 0.181 0.712 0.259 0.017
0 0.266 0.781 0.430 0.017
1 0.063 0.964 0.030 0.031
1 0.142 0.964 0.030 0.031
0 0.902 0.965 0.097 0.018
0 0.500 0.639 0.879 0.047
5 0.500 0.554 0.903 0.057
5 0.500 0.448 0.903 0.058
5 0.500 0.338 0.903 0.058
5 0.500 0.232 0.903 0.058
4 0.500 0.011 0.999 0.022
