0 0.500 0.057 0.120 0.019
0 0.332 0.149 0.607 0.026
0 0.461 0.216 0.875 0.052
0 0.826 0.286 0.299 0.018
0 0.148 0.338 0.197 0.013
0 0.626 0.408 0.187 0.016
0 0.633 0.438 0.200 0.016
0 0.626 0.469 0.187 0.019
0 0.667 0.498 0.269 0.017
0 0.170 0.381 0.238 0.017
0 0.135 0.427 0.171 0.018
0 0.140 0.450 0.184 0.013
0 0.296 0.478 0.165 0.013
0 0.135 0.602 0.171 0.018
0 0.165 0.625 0.229 0.014
0 0.308 0.653 0.188 0.015
0 0.626 0.583 0.188 0.016
0 0.632 0.613 0.200 0.016
0 0.626 0.644 0.187 0.019
0 0.668 0.673 0.268 0.018
0 0.626 0.758 0.188 0.016
0 0.632 0.787 0.200 0.016
0 0.626 0.818 0.187 0.019
0 0.667 0.848 0.269 0.017
0 0.135 0.777 0.171 0.018
0 0.126 0.800 0.151 0.014
0 0.308 0.828 0.188 0.015
3 0.255 0.906 0.477 0.049
3 0.746 0.906 0.477 0.050
1 0.070 0.969 0.028 0.025
1 0.351 0.969 0.028 0.025
1 0.638 0.970 0.045 0.030
1 0.929 0.970 0.048 0.038
1 0.933 0.799 0.027 0.022
1 0.933 0.625 0.023 0.022
1 0.933 0.450 0.023 0.022
1 0.070 0.057 0.043 0.024
1 0.126 0.475 0.155 0.017
1 0.126 0.650 0.156 0.017
1 0.126 0.825 0.155 0.017
4 0.500 0.011 0.999 0.022
