0 0.348 0.175 0.373 0.015
1 0.861 0.971 0.068 0.038
1 0.635 0.971 0.079 0.043
1 0.381 0.971 0.053 0.039
2 0.127 0.971 0.097 0.037
2 0.157 0.835 0.096 0.056
2 0.158 0.701 0.098 0.040
2 0.158 0.566 0.098 0.053
2 0.157 0.432 0.099 0.051
1 0.376 0.324 0.021 0.016
1 0.112 0.176 0.050 0.028
0 0.444 0.835 0.349 0.025
0 0.398 0.700 0.256 0.026
0 0.338 0.566 0.132 0.025
0 0.428 0.431 0.310 0.025
0 0.516 0.326 0.240 0.015
0 0.955 0.080 0.090 0.020
0 0.753 0.080 0.205 0.021
0 0.559 0.080 0.105 0.020
0 0.337 0.080 0.248 0.020
3 0.702 0.268 0.384 0.044
3 0.298 0.268 0.384 0.044
5 0.501 0.174 0.915 0.055
0 0.112 0.080 0.122 0.030
4 0.500 0.011 0.999 0.022
