2 0.062 0.203 0.039 0.028
3 0.149 0.537 0.203 0.042
3 0.363 0.537 0.201 0.042
3 0.578 0.537 0.201 0.042
0 0.478 0.056 0.118 0.018
0 0.851 0.130 0.118 0.017
0 0.359 0.131 0.402 0.017
0 0.830 0.199 0.278 0.015
0 0.235 0.203 0.266 0.019
0 0.150 0.443 0.203 0.017
0 0.312 0.479 0.526 0.016
0 0.837 0.461 0.224 0.019
2 0.836 0.526 0.054 0.015
0 0.232 0.635 0.266 0.017
0 0.826 0.631 0.285 0.015
0 0.225 0.875 0.361 0.021
0 0.236 0.911 0.374 0.018
0 0.836 0.894 0.233 0.023
0 0.874 0.990 0.064 0.015
0 0.626 0.991 0.156 0.014
0 0.374 0.992 0.085 0.015
0 0.124 0.990 0.072 0.013
1 0.124 0.959 0.054 0.030
1 0.374 0.959 0.058 0.032
1 0.625 0.959 0.051 0.031
1 0.875 0.959 0.059 0.028
2 0.060 0.633 0.041 0.028
1 0.580 0.133 0.019 0.007
1 0.963 0.131 0.019 0.006
1 0.939 0.055 0.049 0.027
1 0.812 0.052 0.042 0.032
1 0.574 0.059 0.031 0.009
1 0.064 0.055 0.060 0.034
2 0.501 0.302 0.960 0.241
2 0.501 0.735 0.961 0.242
3 0.500 0.888 0.211 0.065
1 0.837 0.545 0.147 0.016
