3 0.500 0.886 0.951 0.068
1 0.928 0.829 0.026 0.014
0 0.196 0.829 0.141 0.016
7 0.158 0.829 0.218 0.022
1 0.928 0.769 0.026 0.014
0 0.188 0.771 0.124 0.019
7 0.149 0.769 0.201 0.022
1 0.928 0.709 0.026 0.014
0 0.268 0.711 0.189 0.019
7 0.230 0.710 0.265 0.023
1 0.928 0.649 0.026 0.014
0 0.334 0.651 0.320 0.020
7 0.296 0.650 0.399 0.023
0 0.271 0.118 0.121 0.015
1 0.928 0.590 0.026 0.014
0 0.224 0.589 0.100 0.016
7 0.186 0.590 0.176 0.022
1 0.928 0.530 0.026 0.014
0 0.246 0.532 0.140 0.019
7 0.207 0.531 0.218 0.023
1 0.928 0.470 0.026 0.015
0 0.253 0.472 0.158 0.019
7 0.215 0.471 0.234 0.023
1 0.928 0.411 0.026 0.014
0 0.241 0.412 0.134 0.019
7 0.202 0.411 0.212 0.023
1 0.928 0.351 0.026 0.014
0 0.215 0.353 0.078 0.019
7 0.175 0.351 0.157 0.023
1 0.928 0.291 0.026 0.014
0 0.272 0.291 0.198 0.016
7 0.234 0.291 0.275 0.023
1 0.928 0.231 0.026 0.004
0 0.160 0.232 0.066 0.015
7 0.122 0.231 0.145 0.023
1 0.928 0.172 0.026 0.014
0 0.818 0.172 0.137 0.010
3 0.850 0.172 0.242 0.038
0 0.189 0.172 0.126 0.015
7 0.151 0.171 0.205 0.022
0 0.117 0.119 0.157 0.019
1 0.072 0.057 0.046 0.017
0 0.896 0.058 0.110 0.016
1 0.900 0.959 0.060 0.034
1 0.698 0.959 0.041 0.033
1 0.500 0.959 0.059 0.031
1 0.301 0.959 0.057 0.033
1 0.101 0.959 0.059 0.031
0 0.899 0.991 0.095 0.013
0 0.698 0.991 0.088 0.013
0 0.499 0.990 0.135 0.011
0 0.301 0.991 0.059 0.013
0 0.101 0.990 0.067 0.010
4 0.500 0.011 0.999 0.021
