2 0.918 0.063 0.079 0.044
1 0.942 0.606 0.020 0.018
1 0.942 0.546 0.020 0.019
1 0.942 0.486 0.021 0.019
1 0.942 0.427 0.021 0.018
1 0.942 0.367 0.020 0.018
0 0.875 0.992 0.097 0.014
0 0.625 0.992 0.093 0.013
0 0.376 0.990 0.093 0.011
0 0.126 0.991 0.066 0.011
0 0.196 0.606 0.291 0.018
0 0.171 0.548 0.239 0.021
0 0.091 0.488 0.078 0.021
0 0.137 0.427 0.171 0.018
0 0.162 0.367 0.221 0.017
0 0.500 0.305 0.199 0.018
0 0.172 0.127 0.283 0.039
1 0.875 0.959 0.062 0.035
1 0.626 0.959 0.062 0.035
1 0.375 0.960 0.064 0.034
1 0.126 0.959 0.076 0.035
2 0.500 0.228 0.445 0.101
2 0.501 0.054 0.232 0.050
4 0.500 0.012 0.999 0.022
