6 0.500 0.055 0.093 0.009
0 0.501 0.133 0.527 0.030
0 0.208 0.492 0.312 0.066
0 0.430 0.593 0.729 0.059
0 0.500 0.694 0.697 0.048
0 0.182 0.759 0.232 0.034
0 0.501 0.759 0.300 0.036
0 0.818 0.760 0.176 0.036
1 0.500 0.809 0.131 0.074
2 0.186 0.864 0.308 0.139
2 0.501 0.864 0.310 0.139
2 0.816 0.863 0.308 0.139
0 0.101 0.990 0.073 0.011
0 0.301 0.990 0.073 0.011
0 0.500 0.990 0.086 0.011
0 0.699 0.991 0.122 0.014
0 0.900 0.991 0.143 0.013
2 0.899 0.959 0.071 0.027
1 0.699 0.959 0.043 0.029
1 0.499 0.959 0.048 0.027
1 0.300 0.959 0.045 0.029
1 0.100 0.959 0.052 0.026
1 0.501 0.387 0.132 0.074
2 0.695 0.388 0.564 0.302
2 0.213 0.387 0.376 0.302
4 0.500 0.011 0.999 0.022
