2 0.502 0.807 0.997 0.252
0 0.101 0.991 0.067 0.010
0 0.301 0.990 0.106 0.011
0 0.500 0.992 0.152 0.013
0 0.698 0.990 0.081 0.011
0 0.899 0.991 0.097 0.010
1 0.899 0.959 0.050 0.028
1 0.698 0.959 0.048 0.027
1 0.500 0.959 0.044 0.025
1 0.300 0.959 0.050 0.024
1 0.101 0.959 0.045 0.025
1 0.256 0.516 0.076 0.040
1 0.418 0.513 0.070 0.039
1 0.583 0.513 0.071 0.034
1 0.747 0.513 0.064 0.029
0 0.500 0.647 0.226 0.011
3 0.501 0.598 0.928 0.044
1 0.052 0.060 0.040 0.022
0 0.502 0.057 0.256 0.019
0 0.499 0.214 0.665 0.165
4 0.500 0.011 0.999 0.022
