0 0.488 0.930 0.282 0.019
2 0.488 0.780 0.926 0.372
0 0.273 0.565 0.438 0.024
1 0.614 0.469 0.197 0.016
0 0.874 0.497 0.097 0.017
0 0.858 0.471 0.130 0.012
0 0.696 0.438 0.362 0.017
0 0.687 0.412 0.347 0.017
2 0.721 0.288 0.446 0.204
0 0.399 0.497 0.097 0.016
0 0.383 0.471 0.130 0.012
1 0.139 0.469 0.198 0.016
0 0.213 0.437 0.345 0.017
0 0.235 0.411 0.393 0.017
2 0.246 0.288 0.446 0.203
3 0.902 0.153 0.148 0.042
0 0.406 0.152 0.706 0.025
1 0.062 0.057 0.025 0.027
0 0.502 0.060 0.301 0.025
1 0.906 0.058 0.047 0.025
1 0.800 0.058 0.048 0.024
4 0.500 0.011 0.999 0.021
