1 0.122 0.074 0.023 0.023
0 0.371 0.075 0.374 0.019
3 0.315 0.147 0.169 0.044
3 0.132 0.147 0.151 0.044
0 0.337 0.231 0.554 0.064
0 0.434 0.309 0.746 0.051
0 0.209 0.698 0.301 0.013
0 0.487 0.756 0.855 0.071
3 0.501 0.858 0.884 0.066
0 0.100 0.981 0.105 0.011
0 0.300 0.982 0.078 0.010
0 0.500 0.981 0.065 0.011
0 0.700 0.981 0.074 0.011
0 0.900 0.981 0.094 0.011
1 0.102 0.950 0.051 0.031
1 0.301 0.951 0.059 0.029
2 0.500 0.950 0.052 0.032
1 0.700 0.950 0.054 0.030
1 0.901 0.950 0.059 0.033
2 0.501 0.521 0.884 0.305
5 0.501 0.074 0.886 0.066
4 0.500 0.011 0.999 0.022
