0 0.201 0.114 0.304 0.018
1 0.701 0.161 0.035 0.020
1 0.696 0.241 0.023 0.018
0 0.315 0.244 0.454 0.019
0 0.218 0.336 0.361 0.013
0 0.238 0.372 0.402 0.016
0 0.391 0.455 0.709 0.115
0 0.150 0.534 0.224 0.016
0 0.483 0.577 0.893 0.060
0 0.499 0.644 0.923 0.039
0 0.730 0.796 0.407 0.151
0 0.698 0.910 0.342 0.039
0 0.876 0.990 0.097 0.011
0 0.626 0.990 0.075 0.011
0 0.376 0.990 0.103 0.011
0 0.126 0.990 0.068 0.011
1 0.125 0.958 0.052 0.019
1 0.375 0.960 0.052 0.025
1 0.624 0.958 0.054 0.024
1 0.875 0.959 0.052 0.029
2 0.269 0.793 0.391 0.150
0 0.249 0.165 0.329 0.018
1 0.066 0.054 0.055 0.025
1 0.928 0.058 0.055 0.029
4 0.500 0.011 0.999 0.022
5 0.399 0.163 0.701 0.047
