0 0.373 0.056 0.262 0.022
1 0.206 0.054 0.035 0.019
2 0.787 0.054 0.048 0.023
0 0.500 0.114 0.353 0.022
0 0.184 0.307 0.109 0.016
0 0.501 0.307 0.134 0.016
0 0.818 0.307 0.118 0.016
0 0.501 0.364 0.368 0.019
0 0.501 0.485 0.283 0.023
0 0.500 0.538 0.731 0.038
0 0.281 0.720 0.117 0.014
0 0.721 0.721 0.097 0.017
0 0.282 0.914 0.116 0.018
0 0.720 0.914 0.062 0.017
0 0.101 0.988 0.085 0.014
0 0.301 0.989 0.167 0.018
0 0.500 0.989 0.128 0.017
0 0.699 0.989 0.074 0.017
0 0.897 0.987 0.067 0.015
2 0.184 0.211 0.221 0.122
2 0.499 0.210 0.231 0.125
2 0.818 0.211 0.216 0.127
2 0.281 0.641 0.220 0.093
2 0.720 0.642 0.215 0.103
2 0.281 0.835 0.217 0.089
2 0.720 0.835 0.219 0.098
1 0.927 0.057 0.051 0.029
1 0.100 0.959 0.060 0.033
1 0.300 0.959 0.060 0.032
1 0.500 0.959 0.067 0.038
2 0.699 0.959 0.064 0.036
1 0.897 0.958 0.070 0.032
5 0.500 0.055 0.663 0.049
4 0.500 0.011 0.999 0.022
