0 0.496 0.175 0.123 0.013
0 0.831 0.175 0.075 0.013
0 0.165 0.175 0.068 0.013
0 0.151 0.250 0.108 0.013
0 0.214 0.402 0.234 0.013
0 0.139 0.478 0.082 0.013
0 0.152 0.553 0.108 0.013
0 0.235 0.706 0.272 0.013
0 0.161 0.813 0.242 0.018
0 0.184 0.925 0.174 0.013
1 0.126 0.967 0.045 0.027
1 0.377 0.969 0.057 0.027
1 0.626 0.967 0.045 0.028
1 0.882 0.972 0.064 0.036
1 0.078 0.096 0.036 0.020
1 0.923 0.094 0.049 0.023
1 0.942 0.249 0.019 0.018
1 0.942 0.325 0.018 0.018
1 0.942 0.401 0.018 0.018
1 0.942 0.477 0.019 0.018
1 0.942 0.553 0.018 0.018
1 0.942 0.629 0.018 0.018
1 0.942 0.705 0.018 0.018
0 0.155 0.630 0.113 0.013
0 0.182 0.325 0.168 0.013
0 0.273 0.096 0.231 0.015
2 0.448 0.916 0.167 0.034
2 0.679 0.917 0.171 0.034
2 0.909 0.916 0.171 0.034
4 0.500 0.011 0.999 0.022
