4 0.500 0.011 0.999 0.022
1 0.046 0.058 0.031 0.029
0 0.502 0.058 0.596 0.017
0 0.915 0.118 0.072 0.014
0 0.187 0.117 0.273 0.014
0 0.421 0.204 0.070 0.014
0 0.475 0.237 0.178 0.017
0 0.508 0.284 0.241 0.029
0 0.520 0.323 0.271 0.018
0 0.663 0.355 0.050 0.013
0 0.421 0.442 0.069 0.014
0 0.476 0.475 0.178 0.017
0 0.508 0.522 0.241 0.029
0 0.486 0.561 0.199 0.018
0 0.663 0.593 0.051 0.013
0 0.554 0.680 0.336 0.013
0 0.476 0.713 0.178 0.017
0 0.508 0.761 0.240 0.029
0 0.486 0.799 0.199 0.018
0 0.662 0.832 0.049 0.013
0 0.421 0.918 0.069 0.014
2 0.197 0.749 0.271 0.142
2 0.197 0.511 0.263 0.092
2 0.198 0.273 0.264 0.107
1 0.505 0.355 0.233 0.023
1 0.506 0.593 0.233 0.023
1 0.506 0.831 0.233 0.023
1 0.875 0.974 0.040 0.029
1 0.626 0.965 0.055 0.031
2 0.376 0.966 0.074 0.025
2 0.126 0.967 0.073 0.025
