0 0.291 0.058 0.300 0.022
2 0.748 0.057 0.049 0.028
1 0.105 0.057 0.026 0.014
1 0.872 0.058 0.050 0.027
1 0.947 0.058 0.054 0.029
0 0.313 0.145 0.469 0.021
2 0.168 0.243 0.182 0.109
2 0.388 0.238 0.180 0.098
2 0.610 0.238 0.180 0.098
2 0.831 0.238 0.180 0.098
2 0.184 0.430 0.114 0.121
0 0.616 0.374 0.575 0.041
0 0.545 0.411 0.141 0.016
0 0.393 0.441 0.126 0.015
0 0.457 0.476 0.153 0.013
0 0.155 0.592 0.154 0.015
0 0.220 0.689 0.281 0.021
0 0.851 0.688 0.143 0.015
0 0.620 0.916 0.581 0.015
0 0.875 0.990 0.098 0.011
0 0.626 0.990 0.075 0.011
0 0.376 0.990 0.104 0.011
0 0.126 0.990 0.068 0.011
1 0.401 0.410 0.136 0.016
1 0.348 0.475 0.039 0.018
1 0.739 0.688 0.040 0.023
2 0.169 0.787 0.183 0.109
2 0.389 0.782 0.180 0.099
2 0.610 0.782 0.180 0.098
2 0.831 0.782 0.180 0.099
1 0.124 0.958 0.052 0.019
2 0.375 0.960 0.053 0.025
2 0.624 0.958 0.055 0.024
1 0.875 0.959 0.052 0.029
5 0.431 0.058 0.725 0.049
4 0.500 0.011 0.999 0.022
