0 0.475 0.075 0.323 0.024
1 0.283 0.072 0.033 0.019
2 0.831 0.072 0.049 0.019
0 0.136 0.215 0.072 0.017
0 0.138 0.280 0.079 0.018
0 0.150 0.335 0.100 0.018
0 0.175 0.394 0.150 0.018
0 0.154 0.454 0.109 0.018
0 0.172 0.514 0.148 0.018
0 0.156 0.576 0.116 0.023
0 0.149 0.634 0.100 0.017
0 0.160 0.693 0.122 0.018
0 0.165 0.753 0.130 0.018
0 0.101 0.991 0.068 0.010
0 0.300 0.990 0.081 0.011
0 0.500 0.991 0.085 0.010
0 0.698 0.992 0.104 0.013
0 0.899 0.990 0.126 0.011
0 0.220 0.165 0.354 0.025
1 0.932 0.074 0.059 0.028
1 0.059 0.215 0.032 0.011
1 0.059 0.275 0.032 0.011
1 0.058 0.335 0.033 0.011
1 0.059 0.395 0.032 0.011
1 0.059 0.454 0.032 0.011
1 0.059 0.514 0.032 0.011
1 0.059 0.574 0.032 0.011
1 0.059 0.633 0.032 0.011
1 0.059 0.693 0.032 0.011
1 0.059 0.753 0.032 0.011
1 0.101 0.959 0.054 0.028
1 0.300 0.959 0.049 0.028
1 0.500 0.959 0.049 0.028
1 0.699 0.959 0.052 0.029
2 0.896 0.959 0.055 0.029
5 0.457 0.072 0.836 0.049
4 0.500 0.011 0.999 0.022
