0 0.899 0.987 0.113 0.010
0 0.711 0.987 0.094 0.010
0 0.288 0.987 0.088 0.010
0 0.101 0.987 0.062 0.010
2 0.101 0.960 0.062 0.029
1 0.288 0.959 0.041 0.029
2 0.500 0.964 0.190 0.035
1 0.712 0.959 0.058 0.024
1 0.899 0.959 0.048 0.027
1 0.955 0.660 0.015 0.014
1 0.955 0.552 0.015 0.014
1 0.955 0.443 0.015 0.014
1 0.952 0.248 0.014 0.013
1 0.952 0.141 0.014 0.013
0 0.390 0.157 0.462 0.015
0 0.406 0.126 0.494 0.019
0 0.500 0.057 0.163 0.015
0 0.440 0.233 0.564 0.019
0 0.401 0.265 0.484 0.015
0 0.291 0.358 0.481 0.012
0 0.304 0.678 0.435 0.016
0 0.183 0.644 0.192 0.018
0 0.161 0.536 0.151 0.017
0 0.287 0.570 0.399 0.017
0 0.284 0.460 0.394 0.014
0 0.159 0.427 0.143 0.014
1 0.085 0.248 0.089 0.050
1 0.085 0.141 0.089 0.050
4 0.500 0.011 0.999 0.022
