0 0.153 0.141 0.221 0.025
0 0.298 0.253 0.516 0.022
0 0.500 0.342 0.878 0.047
3 0.501 0.424 0.923 0.061
0 0.167 0.612 0.143 0.015
0 0.500 0.612 0.139 0.015
0 0.833 0.612 0.185 0.015
0 0.405 0.800 0.421 0.019
0 0.391 0.898 0.393 0.019
0 0.167 0.992 0.094 0.013
0 0.500 0.991 0.143 0.013
0 0.834 0.991 0.138 0.014
2 0.833 0.959 0.050 0.023
2 0.500 0.959 0.052 0.024
1 0.167 0.959 0.039 0.028
2 0.096 0.897 0.081 0.046
2 0.097 0.799 0.089 0.059
0 0.169 0.714 0.259 0.018
1 0.167 0.552 0.137 0.077
2 0.501 0.552 0.137 0.077
2 0.834 0.552 0.136 0.077
3 0.884 0.142 0.155 0.034
1 0.078 0.058 0.045 0.017
4 0.500 0.011 0.999 0.022
