0 0.571 0.656 0.068 0.019
0 0.131 0.654 0.110 0.014
0 0.178 0.582 0.201 0.014
0 0.612 0.504 0.150 0.014
0 0.153 0.504 0.153 0.014
5 0.731 0.654 0.440 0.054
5 0.269 0.654 0.441 0.054
5 0.500 0.579 0.903 0.054
5 0.731 0.505 0.440 0.054
5 0.269 0.505 0.441 0.054
3 0.500 0.745 0.903 0.062
0 0.501 0.847 0.612 0.055
0 0.500 0.446 0.283 0.013
0 0.499 0.393 0.610 0.027
2 0.500 0.217 0.999 0.260
0 0.500 0.060 0.511 0.019
1 0.900 0.959 0.060 0.034
1 0.698 0.959 0.041 0.033
1 0.499 0.959 0.059 0.030
1 0.300 0.959 0.057 0.033
1 0.100 0.959 0.059 0.030
0 0.899 0.990 0.095 0.013
0 0.698 0.991 0.088 0.013
0 0.499 0.989 0.136 0.010
0 0.300 0.991 0.059 0.013
0 0.100 0.990 0.067 0.010
4 0.500 0.011 0.999 0.021
