3 0.500 0.886 0.951 0.068
0 0.338 0.830 0.329 0.019
7 0.300 0.829 0.406 0.023
0 0.221 0.769 0.092 0.016
7 0.182 0.769 0.170 0.022
0 0.279 0.711 0.208 0.019
0 0.249 0.652 0.147 0.021
7 0.209 0.650 0.225 0.024
0 0.277 0.589 0.204 0.016
7 0.238 0.590 0.283 0.022
0 0.403 0.532 0.454 0.019
7 0.364 0.530 0.534 0.023
1 0.928 0.471 0.026 0.004
0 0.149 0.471 0.049 0.015
7 0.112 0.470 0.125 0.022
0 0.217 0.412 0.086 0.019
7 0.178 0.411 0.163 0.022
0 0.230 0.351 0.110 0.016
7 0.191 0.351 0.188 0.023
0 0.242 0.291 0.133 0.016
7 0.202 0.291 0.212 0.022
0 0.272 0.231 0.198 0.016
7 0.234 0.231 0.275 0.022
1 0.928 0.172 0.026 0.004
0 0.196 0.172 0.141 0.015
7 0.157 0.172 0.218 0.023
0 0.271 0.118 0.121 0.015
0 0.117 0.119 0.157 0.019
1 0.072 0.057 0.046 0.017
0 0.896 0.058 0.110 0.016
1 0.900 0.959 0.060 0.034
1 0.698 0.959 0.041 0.033
1 0.500 0.959 0.059 0.031
1 0.301 0.959 0.057 0.033
1 0.101 0.959 0.059 0.031
0 0.899 0.991 0.095 0.013
0 0.698 0.991 0.088 0.013
0 0.499 0.990 0.135 0.011
0 0.301 0.991 0.059 0.013
0 0.101 0.990 0.067 0.010
4 0.500 0.011 0.999 0.021
