0 0.500 0.056 0.322 0.020
0 0.500 0.166 0.540 0.019
0 0.283 0.259 0.132 0.019
0 0.518 0.305 0.603 0.060
0 0.329 0.378 0.227 0.016
0 0.521 0.426 0.610 0.059
0 0.271 0.500 0.107 0.016
0 0.520 0.546 0.610 0.056
0 0.287 0.621 0.145 0.016
0 0.512 0.668 0.594 0.056
0 0.941 0.693 0.067 0.012
0 0.921 0.624 0.106 0.024
0 0.941 0.572 0.067 0.012
0 0.931 0.502 0.087 0.024
0 0.941 0.450 0.067 0.012
0 0.931 0.381 0.087 0.024
0 0.940 0.329 0.069 0.012
0 0.931 0.260 0.086 0.024
0 0.250 0.989 0.110 0.012
0 0.750 0.990 0.082 0.012
1 0.138 0.056 0.017 0.015
1 0.051 0.057 0.032 0.015
1 0.251 0.960 0.075 0.042
1 0.750 0.960 0.069 0.043
2 0.109 0.655 0.167 0.095
2 0.108 0.534 0.168 0.094
2 0.108 0.412 0.168 0.095
2 0.109 0.291 0.167 0.095
3 0.262 0.121 0.476 0.040
3 0.739 0.120 0.476 0.040
3 0.886 0.211 0.182 0.034
3 0.115 0.210 0.182 0.033
1 0.914 0.280 0.123 0.012
1 0.914 0.401 0.123 0.012
1 0.914 0.523 0.123 0.012
