3 0.131 0.796 0.146 0.028
3 0.140 0.457 0.162 0.027
0 0.537 0.140 0.758 0.023
1 0.104 0.139 0.060 0.033
4 0.500 0.011 0.999 0.021
2 0.500 0.058 0.402 0.028
1 0.073 0.058 0.043 0.024
5 0.500 0.139 0.952 0.082
0 0.103 0.216 0.123 0.019
0 0.888 0.214 0.144 0.015
2 0.500 0.385 0.924 0.193
2 0.500 0.724 0.924 0.194
2 0.500 0.983 0.924 0.033
0 0.327 0.504 0.574 0.019
0 0.129 0.537 0.180 0.019
0 0.143 0.569 0.208 0.019
0 0.233 0.846 0.382 0.022
0 0.157 0.877 0.234 0.018
0 0.144 0.907 0.209 0.015
1 0.377 0.568 0.215 0.020
1 0.378 0.908 0.214 0.020
