0 0.318 0.768 0.560 0.020
3 0.928 0.654 0.143 0.047
3 0.604 0.654 0.315 0.047
3 0.194 0.654 0.315 0.047
0 0.929 0.537 0.142 0.038
0 0.597 0.537 0.297 0.038
0 0.899 0.577 0.084 0.018
1 0.928 0.608 0.143 0.019
1 0.540 0.608 0.188 0.019
0 0.489 0.577 0.084 0.018
1 0.130 0.608 0.187 0.019
0 0.079 0.577 0.084 0.018
0 0.190 0.537 0.305 0.038
2 0.740 0.909 0.440 0.183
2 0.260 0.909 0.440 0.183
2 0.928 0.466 0.053 0.041
2 0.517 0.464 0.115 0.071
2 0.108 0.463 0.064 0.051
0 0.200 0.374 0.321 0.015
0 0.501 0.300 0.741 0.019
0 0.501 0.169 0.308 0.021
0 0.112 0.057 0.123 0.019
0 0.499 0.058 0.140 0.025
1 0.920 0.058 0.050 0.028
4 0.500 0.011 0.999 0.022
