1 0.922 0.057 0.050 0.029
1 0.047 0.058 0.031 0.030
0 0.226 0.058 0.304 0.018
0 0.501 0.057 0.151 0.018
2 0.814 0.121 0.057 0.035
1 0.934 0.121 0.064 0.035
1 0.693 0.121 0.064 0.028
7 0.136 0.121 0.208 0.027
0 0.169 0.121 0.141 0.014
2 0.131 0.234 0.080 0.127
0 0.621 0.217 0.729 0.019
0 0.342 0.252 0.170 0.026
2 0.129 0.394 0.201 0.126
0 0.614 0.378 0.713 0.022
0 0.360 0.411 0.205 0.026
2 0.130 0.552 0.080 0.127
0 0.612 0.535 0.711 0.019
0 0.341 0.570 0.170 0.026
0 0.583 0.694 0.653 0.046
2 0.130 0.711 0.167 0.048
0 0.360 0.742 0.205 0.025
0 0.582 0.853 0.654 0.045
2 0.130 0.870 0.206 0.058
0 0.359 0.901 0.204 0.026
1 0.499 0.959 0.055 0.031
1 0.899 0.959 0.056 0.032
1 0.700 0.959 0.039 0.030
2 0.100 0.959 0.093 0.027
1 0.301 0.959 0.046 0.022
0 0.100 0.984 0.059 0.013
0 0.301 0.983 0.068 0.010
0 0.500 0.983 0.049 0.010
0 0.699 0.983 0.076 0.010
0 0.899 0.983 0.096 0.010
4 0.500 0.011 0.999 0.022
