1 0.100 0.959 0.049 0.030
1 0.298 0.959 0.057 0.034
1 0.499 0.960 0.061 0.029
1 0.696 0.959 0.063 0.034
1 0.899 0.959 0.043 0.029
1 0.951 0.690 0.019 0.016
1 0.951 0.603 0.019 0.016
1 0.951 0.516 0.019 0.016
1 0.952 0.429 0.018 0.016
1 0.046 0.057 0.031 0.029
0 0.501 0.057 0.155 0.019
0 0.101 0.990 0.087 0.014
0 0.300 0.990 0.081 0.011
0 0.500 0.989 0.105 0.011
0 0.699 0.990 0.050 0.011
0 0.899 0.990 0.034 0.011
0 0.224 0.692 0.338 0.019
0 0.173 0.603 0.233 0.016
0 0.180 0.518 0.250 0.019
0 0.145 0.429 0.181 0.016
4 0.500 0.011 0.999 0.021
2 0.500 0.193 0.999 0.385
