0 0.328 0.058 0.415 0.020
0 0.166 0.894 0.225 0.020
0 0.132 0.779 0.159 0.020
0 0.216 0.662 0.325 0.022
0 0.112 0.551 0.117 0.025
0 0.118 0.431 0.129 0.022
0 0.091 0.316 0.077 0.022
0 0.126 0.203 0.146 0.029
0 0.750 0.116 0.159 0.014
2 0.674 0.885 0.653 0.093
2 0.660 0.781 0.567 0.113
2 0.696 0.660 0.609 0.104
2 0.671 0.549 0.659 0.114
2 0.645 0.433 0.709 0.113
2 0.626 0.318 0.748 0.113
2 0.626 0.204 0.749 0.113
0 0.100 0.991 0.056 0.014
0 0.302 0.992 0.089 0.014
0 0.500 0.992 0.104 0.014
0 0.700 0.990 0.128 0.011
0 0.900 0.990 0.054 0.011
1 0.900 0.961 0.080 0.012
1 0.699 0.960 0.069 0.033
1 0.499 0.961 0.068 0.038
1 0.300 0.962 0.065 0.039
1 0.089 0.961 0.082 0.041
1 0.087 0.058 0.038 0.021
1 0.906 0.058 0.050 0.028
1 0.795 0.058 0.050 0.028
0 0.251 0.116 0.126 0.014
5 0.389 0.057 0.682 0.049
4 0.500 0.011 0.999 0.022
