0 0.456 0.059 0.558 0.021
0 0.101 0.991 0.087 0.013
0 0.301 0.990 0.146 0.011
0 0.499 0.991 0.127 0.013
0 0.700 0.991 0.107 0.014
0 0.899 0.990 0.097 0.010
1 0.900 0.959 0.055 0.035
1 0.699 0.959 0.049 0.032
1 0.499 0.959 0.060 0.034
1 0.301 0.959 0.050 0.035
1 0.101 0.959 0.059 0.033
0 0.140 0.794 0.099 0.016
1 0.071 0.793 0.020 0.014
2 0.488 0.850 0.927 0.168
0 0.228 0.725 0.401 0.024
0 0.362 0.523 0.589 0.030
0 0.482 0.597 0.835 0.041
2 0.488 0.401 0.927 0.477
0 0.207 0.125 0.362 0.031
5 0.452 0.058 0.826 0.043
1 0.106 0.057 0.048 0.026
1 0.931 0.058 0.054 0.029
4 0.500 0.011 0.999 0.021
