4 0.501 0.012 0.998 0.023
0 0.499 0.058 0.250 0.017
0 0.108 0.317 0.130 0.017
0 0.178 0.592 0.274 0.018
0 0.095 0.868 0.102 0.017
0 0.101 0.992 0.058 0.010
0 0.300 0.992 0.056 0.010
0 0.499 0.993 0.093 0.012
0 0.699 0.993 0.102 0.013
0 0.899 0.992 0.048 0.010
1 0.900 0.960 0.077 0.011
1 0.698 0.959 0.072 0.027
1 0.500 0.962 0.097 0.021
1 0.299 0.959 0.048 0.030
1 0.101 0.959 0.051 0.031
1 0.792 0.058 0.049 0.027
1 0.898 0.055 0.070 0.033
2 0.500 0.234 0.999 0.255
2 0.500 0.510 0.999 0.255
2 0.500 0.785 0.999 0.255
