0 0.344 0.989 0.272 0.022
2 0.110 0.984 0.076 0.032
1 0.110 0.843 0.079 0.040
2 0.109 0.776 0.083 0.046
2 0.109 0.708 0.065 0.044
2 0.110 0.640 0.072 0.040
2 0.110 0.572 0.079 0.037
1 0.110 0.504 0.079 0.044
2 0.110 0.436 0.079 0.044
1 0.111 0.369 0.076 0.043
1 0.110 0.300 0.079 0.040
1 0.942 0.843 0.020 0.019
1 0.942 0.775 0.020 0.019
1 0.942 0.707 0.020 0.018
1 0.942 0.639 0.020 0.018
1 0.942 0.571 0.020 0.019
1 0.942 0.504 0.020 0.018
1 0.942 0.436 0.020 0.018
1 0.942 0.368 0.020 0.019
1 0.942 0.300 0.020 0.019
0 0.293 0.843 0.168 0.018
0 0.291 0.778 0.167 0.023
0 0.332 0.707 0.250 0.018
0 0.345 0.640 0.276 0.018
0 0.325 0.572 0.230 0.018
0 0.270 0.504 0.125 0.018
0 0.281 0.436 0.150 0.018
0 0.308 0.370 0.200 0.023
0 0.307 0.300 0.196 0.018
0 0.205 0.124 0.301 0.027
0 0.129 0.934 0.158 0.014
3 0.501 0.212 0.923 0.055
0 0.101 0.057 0.096 0.018
4 0.500 0.011 0.999 0.021
