1 0.046 0.058 0.031 0.029
0 0.856 0.057 0.190 0.018
0 0.500 0.056 0.170 0.020
0 0.174 0.057 0.196 0.018
2 0.187 0.976 0.295 0.048
2 0.500 0.976 0.295 0.048
2 0.814 0.976 0.295 0.048
2 0.814 0.840 0.295 0.205
2 0.500 0.839 0.294 0.204
2 0.186 0.840 0.295 0.204
2 0.814 0.625 0.295 0.204
2 0.500 0.625 0.295 0.204
2 0.186 0.625 0.295 0.204
2 0.186 0.410 0.295 0.204
2 0.500 0.410 0.295 0.204
2 0.814 0.411 0.295 0.204
2 0.814 0.196 0.295 0.204
2 0.500 0.196 0.295 0.204
2 0.186 0.196 0.295 0.205
4 0.500 0.011 0.999 0.022
