0 0.500 0.140 0.731 0.031
0 0.309 0.071 0.350 0.013
0 0.501 0.204 0.453 0.049
0 0.276 0.276 0.155 0.014
0 0.727 0.276 0.148 0.014
0 0.119 0.491 0.119 0.010
0 0.333 0.491 0.147 0.010
0 0.546 0.492 0.161 0.010
0 0.759 0.491 0.110 0.010
0 0.955 0.491 0.091 0.010
1 0.069 0.067 0.058 0.034
1 0.526 0.071 0.019 0.016
2 0.101 0.967 0.060 0.034
1 0.300 0.967 0.091 0.034
1 0.499 0.967 0.067 0.034
1 0.699 0.967 0.060 0.034
1 0.900 0.968 0.060 0.033
2 0.500 0.764 0.927 0.340
2 0.119 0.419 0.190 0.106
2 0.332 0.419 0.191 0.107
2 0.546 0.419 0.190 0.107
2 0.759 0.419 0.191 0.107
2 0.938 0.419 0.123 0.107
4 0.500 0.011 0.999 0.022
