0 0.246 0.184 0.266 0.018
0 0.899 0.990 0.070 0.011
0 0.699 0.990 0.105 0.011
0 0.500 0.991 0.085 0.011
0 0.300 0.991 0.077 0.010
0 0.100 0.992 0.060 0.013
1 0.099 0.959 0.064 0.026
1 0.301 0.958 0.048 0.029
2 0.500 0.959 0.059 0.033
2 0.698 0.959 0.052 0.029
1 0.900 0.959 0.032 0.030
2 0.895 0.087 0.110 0.062
1 0.078 0.184 0.042 0.024
2 0.191 0.087 0.266 0.063
5 0.501 0.184 0.923 0.049
2 0.500 0.290 0.121 0.062
0 0.500 0.386 0.597 0.069
3 0.501 0.455 0.267 0.031
0 0.814 0.525 0.130 0.019
0 0.186 0.525 0.154 0.019
0 0.499 0.524 0.230 0.019
4 0.500 0.011 0.999 0.022
