1 0.567 0.670 0.008 0.007
0 0.100 0.115 0.123 0.017
0 0.279 0.114 0.142 0.014
0 0.413 0.114 0.108 0.014
0 0.545 0.115 0.065 0.017
0 0.364 0.161 0.649 0.022
0 0.496 0.260 0.915 0.123
0 0.257 0.386 0.374 0.019
0 0.207 0.462 0.271 0.019
0 0.249 0.538 0.357 0.019
0 0.351 0.637 0.242 0.022
0 0.392 0.670 0.327 0.017
0 0.439 0.783 0.417 0.023
0 0.126 0.990 0.068 0.011
0 0.376 0.990 0.103 0.011
0 0.626 0.990 0.075 0.011
0 0.876 0.990 0.097 0.011
1 0.875 0.959 0.052 0.029
2 0.624 0.957 0.054 0.024
2 0.375 0.960 0.052 0.025
1 0.124 0.958 0.051 0.019
2 0.114 0.773 0.130 0.071
1 0.114 0.648 0.142 0.080
1 0.913 0.539 0.040 0.012
1 0.913 0.462 0.040 0.012
1 0.913 0.387 0.039 0.012
1 0.928 0.058 0.055 0.029
1 0.489 0.114 0.010 0.011
1 0.185 0.115 0.010 0.012
1 0.066 0.054 0.055 0.025
4 0.500 0.011 0.999 0.022
