2 0.980 0.766 0.039 0.159
2 0.980 0.499 0.039 0.159
2 0.980 0.233 0.039 0.159
1 0.100 0.959 0.057 0.031
1 0.301 0.961 0.064 0.024
2 0.500 0.959 0.052 0.036
1 0.699 0.957 0.060 0.034
2 0.899 0.958 0.074 0.031
0 0.900 0.988 0.075 0.012
0 0.699 0.987 0.044 0.013
0 0.500 0.987 0.073 0.012
0 0.301 0.988 0.070 0.012
0 0.101 0.988 0.071 0.012
0 0.134 0.921 0.190 0.011
0 0.892 0.918 0.139 0.017
0 0.892 0.652 0.139 0.017
0 0.078 0.654 0.076 0.012
0 0.179 0.388 0.277 0.011
0 0.891 0.386 0.140 0.017
0 0.500 0.058 0.159 0.017
0 0.892 0.120 0.139 0.015
0 0.151 0.122 0.225 0.012
2 0.712 0.765 0.424 0.159
2 0.251 0.765 0.424 0.159
2 0.250 0.499 0.424 0.158
2 0.712 0.500 0.424 0.159
2 0.712 0.233 0.424 0.158
2 0.250 0.233 0.424 0.158
4 0.500 0.011 0.999 0.022
