0 0.730 0.061 0.367 0.042
0 0.760 0.095 0.117 0.016
0 0.608 0.124 0.125 0.015
0 0.714 0.156 0.331 0.015
0 0.777 0.221 0.344 0.057
0 0.674 0.267 0.154 0.014
0 0.758 0.427 0.419 0.065
0 0.752 0.474 0.101 0.016
0 0.612 0.502 0.131 0.015
0 0.714 0.535 0.331 0.015
0 0.777 0.600 0.344 0.056
0 0.674 0.645 0.154 0.014
0 0.742 0.792 0.390 0.062
0 0.760 0.840 0.118 0.016
0 0.601 0.869 0.110 0.015
0 0.714 0.901 0.331 0.015
0 0.715 0.966 0.219 0.056
2 0.565 0.966 0.033 0.016
2 0.565 0.946 0.041 0.014
1 0.623 0.839 0.143 0.017
1 0.565 0.645 0.040 0.018
2 0.565 0.599 0.033 0.016
2 0.565 0.579 0.041 0.014
1 0.623 0.472 0.143 0.017
1 0.565 0.266 0.040 0.018
2 0.565 0.221 0.032 0.016
2 0.565 0.201 0.041 0.014
2 0.271 0.154 0.474 0.188
2 0.238 0.509 0.440 0.177
0 0.274 0.617 0.126 0.008
2 0.273 0.875 0.508 0.250
1 0.623 0.094 0.144 0.017
4 0.500 0.014 0.999 0.027
