0 0.371 0.075 0.374 0.019
1 0.122 0.074 0.023 0.023
0 0.476 0.148 0.830 0.032
0 0.640 0.375 0.247 0.011
0 0.205 0.375 0.293 0.010
0 0.593 0.426 0.151 0.020
0 0.613 0.450 0.137 0.016
0 0.207 0.412 0.295 0.043
0 0.145 0.451 0.170 0.021
0 0.235 0.474 0.294 0.017
0 0.239 0.693 0.361 0.011
0 0.678 0.693 0.324 0.011
0 0.660 0.728 0.289 0.040
0 0.222 0.718 0.325 0.019
0 0.140 0.744 0.160 0.020
0 0.599 0.769 0.166 0.020
0 0.694 0.792 0.299 0.017
0 0.236 0.768 0.295 0.017
0 0.100 0.981 0.105 0.011
0 0.300 0.981 0.079 0.011
0 0.500 0.981 0.066 0.011
0 0.700 0.982 0.075 0.011
0 0.901 0.981 0.094 0.011
1 0.527 0.449 0.023 0.012
1 0.070 0.474 0.023 0.012
1 0.070 0.767 0.023 0.012
1 0.527 0.791 0.023 0.012
1 0.102 0.950 0.051 0.031
1 0.301 0.950 0.060 0.029
2 0.500 0.950 0.052 0.032
1 0.700 0.950 0.055 0.030
1 0.901 0.950 0.059 0.034
3 0.501 0.867 0.884 0.066
2 0.272 0.597 0.428 0.161
2 0.729 0.597 0.428 0.161
2 0.272 0.279 0.428 0.161
2 0.728 0.279 0.427 0.161
5 0.500 0.074 0.886 0.066
4 0.500 0.011 0.999 0.022
