0 0.839 0.240 0.141 0.013
2 0.984 0.779 0.032 0.142
2 0.831 0.779 0.236 0.142
0 0.735 0.688 0.043 0.014
2 0.847 0.465 0.307 0.392
0 0.946 0.190 0.107 0.020
5 0.860 0.244 0.279 0.021
1 0.740 0.240 0.025 0.014
0 0.768 0.201 0.045 0.010
1 0.769 0.182 0.038 0.016
0 0.279 0.882 0.168 0.021
0 0.287 0.724 0.186 0.021
0 0.258 0.803 0.129 0.024
0 0.244 0.646 0.099 0.021
0 0.300 0.567 0.212 0.021
0 0.309 0.488 0.228 0.021
0 0.287 0.409 0.187 0.021
0 0.256 0.330 0.123 0.021
0 0.353 0.252 0.319 0.021
0 0.241 0.173 0.093 0.021
2 0.115 0.173 0.046 0.038
1 0.113 0.252 0.052 0.024
1 0.115 0.332 0.056 0.031
2 0.115 0.409 0.049 0.025
1 0.113 0.488 0.057 0.029
1 0.113 0.566 0.056 0.033
2 0.115 0.645 0.058 0.031
1 0.115 0.724 0.064 0.025
2 0.114 0.803 0.062 0.035
1 0.114 0.882 0.058 0.032
0 0.316 0.970 0.367 0.025
4 0.500 0.011 0.999 0.022
