1 0.082 0.066 0.039 0.016
2 0.138 0.357 0.064 0.036
1 0.206 0.360 0.021 0.012
2 0.274 0.355 0.063 0.030
1 0.341 0.359 0.021 0.012
2 0.409 0.357 0.064 0.036
1 0.474 0.359 0.021 0.012
2 0.542 0.357 0.058 0.035
1 0.609 0.359 0.021 0.012
2 0.677 0.357 0.064 0.026
2 0.138 0.531 0.064 0.036
1 0.206 0.533 0.021 0.012
2 0.274 0.529 0.063 0.031
1 0.341 0.533 0.021 0.011
2 0.409 0.531 0.064 0.036
1 0.473 0.533 0.021 0.012
2 0.542 0.531 0.058 0.035
2 0.138 0.704 0.064 0.036
1 0.207 0.707 0.020 0.012
2 0.274 0.703 0.063 0.030
1 0.341 0.707 0.021 0.012
2 0.409 0.704 0.064 0.036
2 0.138 0.878 0.064 0.036
1 0.206 0.881 0.021 0.012
2 0.274 0.877 0.063 0.030
0 0.500 0.152 0.835 0.084
3 0.815 0.245 0.198 0.030
0 0.241 0.285 0.266 0.025
0 0.406 0.319 0.594 0.018
0 0.240 0.459 0.266 0.025
0 0.384 0.493 0.549 0.018
0 0.240 0.633 0.266 0.025
0 0.324 0.667 0.428 0.018
3 0.843 0.767 0.141 0.030
0 0.241 0.807 0.264 0.025
0 0.376 0.840 0.533 0.019
0 0.242 0.981 0.264 0.025
3 0.500 0.935 0.808 0.066
4 0.500 0.011 0.999 0.022
