0 0.100 0.991 0.086 0.013
0 0.300 0.990 0.080 0.011
0 0.500 0.989 0.106 0.011
0 0.699 0.990 0.051 0.011
0 0.899 0.990 0.034 0.011
1 0.899 0.959 0.043 0.029
1 0.696 0.959 0.064 0.035
1 0.499 0.960 0.061 0.029
1 0.299 0.959 0.058 0.033
1 0.100 0.960 0.049 0.030
0 0.205 0.304 0.354 0.017
0 0.106 0.220 0.157 0.020
0 0.865 0.218 0.076 0.017
1 0.937 0.218 0.018 0.017
1 0.937 0.131 0.019 0.017
0 0.878 0.131 0.050 0.017
0 0.178 0.133 0.301 0.021
1 0.047 0.058 0.031 0.029
0 0.501 0.059 0.159 0.023
4 0.500 0.011 0.999 0.021
