0 0.501 0.059 0.387 0.023
0 0.149 0.059 0.150 0.023
0 0.245 0.112 0.391 0.014
0 0.211 0.162 0.106 0.019
0 0.203 0.224 0.095 0.021
0 0.346 0.282 0.377 0.018
0 0.234 0.343 0.153 0.022
0 0.424 0.402 0.750 0.036
0 0.209 0.488 0.314 0.019
0 0.387 0.538 0.672 0.014
0 0.188 0.614 0.277 0.023
0 0.880 0.612 0.057 0.019
0 0.440 0.664 0.779 0.018
0 0.288 0.739 0.473 0.023
0 0.463 0.799 0.824 0.040
0 0.247 0.885 0.395 0.023
0 0.496 0.957 0.893 0.061
1 0.046 0.058 0.031 0.029
1 0.084 0.161 0.071 0.040
2 0.084 0.221 0.071 0.040
2 0.085 0.281 0.071 0.040
2 0.084 0.341 0.072 0.040
1 0.942 0.611 0.021 0.019
4 0.500 0.011 0.999 0.022
