0 0.500 0.057 0.192 0.019
0 0.126 0.166 0.149 0.019
0 0.163 0.232 0.224 0.019
0 0.147 0.336 0.192 0.020
0 0.273 0.443 0.444 0.025
0 0.834 0.441 0.147 0.019
0 0.126 0.507 0.151 0.020
0 0.897 0.507 0.014 0.018
0 0.179 0.575 0.262 0.025
0 0.196 0.679 0.288 0.024
0 0.186 0.745 0.268 0.025
0 0.171 0.809 0.240 0.020
0 0.126 0.987 0.090 0.012
0 0.375 0.987 0.156 0.012
0 0.626 0.987 0.144 0.012
0 0.875 0.987 0.133 0.012
1 0.942 0.166 0.020 0.019
1 0.942 0.231 0.020 0.019
1 0.942 0.440 0.020 0.019
1 0.942 0.506 0.020 0.019
1 0.942 0.572 0.020 0.019
1 0.942 0.677 0.020 0.019
1 0.942 0.743 0.021 0.018
1 0.942 0.809 0.020 0.018
1 0.126 0.956 0.050 0.036
2 0.376 0.959 0.068 0.026
1 0.626 0.957 0.061 0.031
1 0.874 0.957 0.058 0.033
4 0.500 0.011 0.999 0.022
