0 0.366 0.065 0.280 0.015
0 0.163 0.136 0.136 0.018
0 0.837 0.134 0.146 0.015
0 0.500 0.136 0.205 0.018
1 0.192 0.066 0.036 0.020
1 0.532 0.588 0.019 0.015
1 0.052 0.588 0.018 0.015
1 0.686 0.588 0.025 0.014
1 0.206 0.589 0.024 0.014
0 0.109 0.588 0.075 0.011
0 0.265 0.588 0.075 0.011
0 0.745 0.588 0.075 0.011
0 0.594 0.589 0.086 0.011
0 0.740 0.535 0.440 0.016
0 0.086 0.557 0.092 0.016
0 0.217 0.535 0.351 0.015
0 0.135 0.505 0.189 0.014
0 0.716 0.505 0.390 0.014
0 0.583 0.918 0.126 0.014
0 0.182 0.918 0.286 0.014
0 0.101 0.991 0.070 0.013
0 0.302 0.991 0.080 0.013
0 0.500 0.990 0.101 0.010
0 0.698 0.989 0.123 0.010
0 0.900 0.990 0.035 0.010
1 0.699 0.960 0.058 0.027
2 0.300 0.960 0.039 0.029
2 0.101 0.960 0.058 0.027
2 0.260 0.356 0.442 0.249
2 0.740 0.356 0.442 0.249
2 0.740 0.768 0.442 0.249
2 0.260 0.768 0.442 0.249
1 0.899 0.960 0.058 0.033
1 0.500 0.960 0.059 0.033
0 0.499 0.200 0.324 0.013
1 0.078 0.065 0.056 0.029
5 0.554 0.066 0.796 0.049
4 0.500 0.011 0.999 0.021
