1 0.752 0.059 0.019 0.017
0 0.476 0.059 0.490 0.015
0 0.169 0.200 0.254 0.030
0 0.130 0.257 0.185 0.013
0 0.498 0.257 0.323 0.014
0 0.868 0.257 0.180 0.013
0 0.501 0.710 0.502 0.024
0 0.501 0.760 0.800 0.049
0 0.126 0.979 0.067 0.011
0 0.375 0.979 0.080 0.011
0 0.625 0.981 0.105 0.014
0 0.875 0.979 0.078 0.011
1 0.932 0.135 0.060 0.030
2 0.125 0.952 0.056 0.031
1 0.376 0.952 0.051 0.029
2 0.625 0.952 0.052 0.033
1 0.876 0.952 0.040 0.029
2 0.506 0.488 0.248 0.239
3 0.500 0.851 0.701 0.066
4 0.500 0.011 0.999 0.022
