2 0.501 0.217 0.271 0.153
0 0.499 0.057 0.192 0.022
0 0.500 0.353 0.159 0.025
0 0.501 0.436 0.415 0.018
0 0.169 0.510 0.258 0.016
0 0.207 0.563 0.331 0.021
0 0.256 0.629 0.434 0.021
0 0.280 0.692 0.479 0.017
0 0.159 0.768 0.238 0.017
0 0.196 0.822 0.314 0.021
0 0.211 0.885 0.339 0.018
0 0.101 0.990 0.104 0.011
0 0.300 0.990 0.081 0.012
0 0.500 0.992 0.139 0.014
0 0.699 0.990 0.094 0.012
0 0.899 0.990 0.097 0.011
1 0.100 0.959 0.060 0.032
1 0.299 0.959 0.054 0.030
1 0.499 0.959 0.055 0.031
1 0.699 0.959 0.055 0.027
1 0.899 0.959 0.055 0.031
1 0.935 0.886 0.021 0.019
1 0.935 0.820 0.021 0.019
1 0.935 0.693 0.021 0.019
1 0.935 0.627 0.021 0.019
1 0.935 0.562 0.021 0.019
4 0.500 0.011 0.999 0.022
