0 0.500 0.074 0.186 0.014
0 0.500 0.049 0.200 0.017
0 0.220 0.125 0.169 0.018
0 0.502 0.446 0.554 0.028
0 0.500 0.499 0.808 0.053
0 0.101 0.991 0.068 0.010
0 0.300 0.991 0.081 0.011
0 0.500 0.990 0.085 0.011
0 0.698 0.992 0.104 0.014
0 0.899 0.990 0.126 0.011
1 0.630 0.049 0.031 0.010
1 0.923 0.059 0.060 0.028
1 0.934 0.125 0.019 0.017
1 0.070 0.124 0.049 0.028
1 0.101 0.959 0.055 0.028
1 0.300 0.959 0.050 0.028
1 0.499 0.959 0.050 0.028
1 0.699 0.959 0.052 0.029
2 0.896 0.959 0.055 0.029
2 0.501 0.315 0.311 0.167
3 0.500 0.569 0.501 0.066
4 0.500 0.011 0.999 0.022
