0 0.314 0.185 0.200 0.018
2 0.500 0.088 0.351 0.066
1 0.155 0.184 0.043 0.024
0 0.233 0.313 0.363 0.025
0 0.424 0.471 0.390 0.025
0 0.270 0.667 0.440 0.025
0 0.425 0.826 0.125 0.025
0 0.101 0.986 0.072 0.012
0 0.301 0.985 0.084 0.013
0 0.500 0.987 0.060 0.016
0 0.700 0.985 0.066 0.013
0 0.899 0.986 0.103 0.012
1 0.899 0.959 0.050 0.028
1 0.699 0.960 0.050 0.021
1 0.499 0.960 0.050 0.024
1 0.300 0.959 0.050 0.024
1 0.101 0.959 0.056 0.029
2 0.425 0.470 0.751 0.245
2 0.922 0.470 0.148 0.245
2 0.424 0.818 0.750 0.231
2 0.924 0.818 0.152 0.231
5 0.500 0.184 0.808 0.066
4 0.500 0.011 0.999 0.022
