0 0.091 0.626 0.131 0.012
0 0.071 0.601 0.091 0.021
0 0.091 0.486 0.131 0.012
0 0.163 0.460 0.269 0.021
0 0.091 0.345 0.131 0.012
0 0.136 0.322 0.217 0.026
0 0.091 0.204 0.131 0.012
0 0.144 0.181 0.236 0.026
2 0.500 0.577 0.998 0.137
2 0.500 0.437 0.999 0.137
2 0.500 0.296 0.998 0.137
2 0.500 0.156 0.999 0.137
1 0.903 0.057 0.046 0.025
1 0.813 0.058 0.045 0.025
0 0.500 0.059 0.087 0.019
1 0.900 0.959 0.060 0.034
1 0.698 0.959 0.041 0.033
1 0.499 0.959 0.059 0.030
1 0.300 0.959 0.057 0.033
1 0.100 0.959 0.059 0.030
0 0.899 0.990 0.095 0.013
0 0.698 0.991 0.088 0.013
0 0.499 0.989 0.136 0.010
0 0.300 0.991 0.059 0.013
0 0.100 0.990 0.067 0.010
4 0.500 0.011 0.999 0.021
