0 0.276 0.069 0.335 0.019
2 0.923 0.068 0.060 0.034
1 0.076 0.068 0.034 0.019
0 0.340 0.146 0.599 0.032
0 0.740 0.451 0.074 0.017
0 0.259 0.451 0.138 0.017
0 0.260 0.762 0.073 0.018
0 0.741 0.764 0.144 0.022
0 0.100 0.991 0.115 0.011
0 0.100 0.959 0.097 0.022
0 0.300 0.991 0.081 0.011
0 0.499 0.992 0.081 0.014
0 0.699 0.992 0.043 0.013
0 0.899 0.991 0.058 0.011
2 0.260 0.301 0.443 0.249
2 0.741 0.301 0.443 0.249
2 0.260 0.613 0.442 0.249
2 0.741 0.613 0.443 0.249
2 0.260 0.867 0.443 0.133
2 0.741 0.867 0.443 0.133
1 0.300 0.959 0.081 0.029
1 0.499 0.959 0.056 0.030
1 0.699 0.959 0.047 0.031
1 0.899 0.959 0.061 0.009
5 0.448 0.068 0.816 0.049
4 0.500 0.011 0.999 0.022
