4 0.500 0.012 0.999 0.022
0 0.501 0.060 0.167 0.024
0 0.919 0.058 0.064 0.017
0 0.088 0.061 0.073 0.021
0 0.158 0.121 0.265 0.018
0 0.769 0.123 0.308 0.022
0 0.284 0.172 0.519 0.022
0 0.124 0.205 0.215 0.016
1 0.957 0.121 0.038 0.013
1 0.939 0.220 0.070 0.038
0 0.185 0.524 0.292 0.031
0 0.402 0.527 0.080 0.016
0 0.506 0.527 0.061 0.015
0 0.644 0.529 0.146 0.019
0 0.288 0.563 0.499 0.022
0 0.187 0.594 0.217 0.015
0 0.196 0.655 0.358 0.017
0 0.100 0.986 0.076 0.012
0 0.302 0.989 0.105 0.016
0 0.500 0.987 0.154 0.012
0 0.699 0.987 0.127 0.012
0 0.899 0.987 0.058 0.011
1 0.102 0.959 0.057 0.032
1 0.300 0.959 0.065 0.036
1 0.500 0.959 0.059 0.031
1 0.699 0.960 0.059 0.031
1 0.900 0.960 0.056 0.010
1 0.938 0.669 0.070 0.034
2 0.500 0.341 0.999 0.300
2 0.500 0.787 0.999 0.294
