0 0.251 0.116 0.171 0.014
0 0.501 0.839 0.318 0.014
3 0.266 0.760 0.435 0.060
3 0.735 0.760 0.433 0.060
6 0.501 0.673 0.173 0.011
0 0.500 0.582 0.899 0.109
0 0.514 0.497 0.597 0.038
2 0.500 0.304 0.999 0.313
0 0.751 0.116 0.218 0.014
1 0.906 0.057 0.050 0.029
1 0.795 0.058 0.050 0.028
0 0.502 0.059 0.145 0.026
0 0.100 0.991 0.056 0.014
0 0.301 0.992 0.089 0.014
0 0.500 0.991 0.103 0.014
0 0.701 0.990 0.128 0.011
0 0.901 0.990 0.054 0.011
1 0.900 0.961 0.079 0.012
1 0.699 0.961 0.068 0.033
1 0.500 0.961 0.067 0.038
1 0.288 0.962 0.086 0.039
1 0.100 0.961 0.057 0.041
4 0.500 0.011 0.999 0.022
