0 0.359 0.076 0.348 0.021
0 0.100 0.981 0.105 0.011
0 0.300 0.982 0.078 0.010
0 0.500 0.982 0.065 0.010
0 0.700 0.981 0.075 0.011
0 0.900 0.981 0.094 0.011
1 0.901 0.950 0.059 0.033
1 0.700 0.949 0.055 0.030
2 0.500 0.950 0.052 0.032
1 0.301 0.950 0.059 0.029
1 0.101 0.950 0.051 0.031
0 0.471 0.905 0.824 0.022
0 0.401 0.863 0.683 0.032
0 0.260 0.723 0.401 0.021
0 0.445 0.765 0.770 0.040
0 0.186 0.690 0.255 0.015
2 0.500 0.496 0.884 0.332
0 0.428 0.271 0.738 0.051
0 0.456 0.195 0.790 0.069
1 0.123 0.074 0.037 0.021
5 0.500 0.074 0.886 0.065
4 0.500 0.011 0.999 0.021
