1 0.056 0.202 0.035 0.028
0 0.501 0.064 0.246 0.027
0 0.160 0.137 0.112 0.025
0 0.174 0.202 0.143 0.025
0 0.148 0.264 0.216 0.019
0 0.164 0.329 0.248 0.019
0 0.177 0.397 0.272 0.025
0 0.235 0.473 0.390 0.025
0 0.177 0.536 0.275 0.019
0 0.101 0.985 0.079 0.011
0 0.300 0.987 0.157 0.014
0 0.500 0.985 0.151 0.011
0 0.700 0.987 0.114 0.014
0 0.899 0.987 0.156 0.014
1 0.102 0.958 0.059 0.034
1 0.301 0.958 0.055 0.034
1 0.499 0.958 0.072 0.033
2 0.700 0.958 0.060 0.034
1 0.900 0.958 0.060 0.034
1 0.952 0.397 0.026 0.023
1 0.952 0.332 0.026 0.023
1 0.952 0.266 0.025 0.023
1 0.061 0.136 0.045 0.024
4 0.500 0.011 0.999 0.022
