1 0.900 0.963 0.059 0.022
1 0.698 0.963 0.068 0.033
1 0.500 0.963 0.056 0.030
1 0.301 0.962 0.061 0.032
1 0.101 0.963 0.060 0.035
2 0.263 0.855 0.447 0.137
2 0.738 0.856 0.444 0.135
2 0.738 0.639 0.444 0.160
2 0.262 0.638 0.446 0.160
2 0.262 0.409 0.446 0.160
2 0.738 0.409 0.446 0.161
2 0.738 0.180 0.447 0.161
2 0.263 0.179 0.446 0.160
0 0.587 0.746 0.075 0.018
0 0.143 0.744 0.139 0.014
0 0.194 0.517 0.242 0.019
0 0.686 0.517 0.271 0.019
0 0.647 0.287 0.194 0.019
0 0.123 0.286 0.098 0.014
0 0.501 0.059 0.224 0.024
4 0.500 0.011 0.999 0.022
