2 0.500 0.058 0.147 0.043
3 0.501 0.131 0.952 0.060
6 0.928 0.215 0.050 0.007
1 0.110 0.353 0.039 0.021
0 0.247 0.278 0.387 0.068
2 0.501 0.312 0.960 0.252
0 0.264 0.481 0.295 0.017
0 0.182 0.548 0.130 0.021
0 0.249 0.614 0.265 0.020
0 0.214 0.678 0.191 0.017
0 0.225 0.743 0.211 0.017
0 0.176 0.810 0.114 0.016
0 0.152 0.875 0.069 0.016
0 0.101 0.988 0.079 0.011
0 0.301 0.989 0.093 0.014
0 0.501 0.988 0.035 0.010
0 0.700 0.988 0.129 0.011
0 0.900 0.988 0.057 0.011
1 0.059 0.481 0.045 0.023
1 0.058 0.547 0.052 0.022
1 0.059 0.613 0.053 0.028
1 0.059 0.678 0.035 0.028
1 0.059 0.744 0.050 0.028
1 0.059 0.809 0.045 0.027
1 0.058 0.875 0.056 0.025
1 0.101 0.956 0.059 0.033
1 0.302 0.956 0.060 0.034
1 0.502 0.956 0.060 0.034
1 0.727 0.954 0.097 0.037
1 0.900 0.956 0.060 0.024
5 0.223 0.354 0.341 0.049
4 0.500 0.011 0.999 0.022
