0 0.330 0.059 0.268 0.021
1 0.042 0.059 0.025 0.026
0 0.101 0.990 0.065 0.010
0 0.301 0.990 0.058 0.013
0 0.500 0.989 0.060 0.010
0 0.700 0.990 0.052 0.011
0 0.899 0.990 0.094 0.010
1 0.899 0.959 0.057 0.032
1 0.698 0.959 0.052 0.026
1 0.500 0.959 0.054 0.030
2 0.302 0.959 0.075 0.032
2 0.101 0.959 0.055 0.031
1 0.913 0.736 0.076 0.043
2 0.736 0.821 0.452 0.225
1 0.442 0.737 0.039 0.019
2 0.271 0.834 0.297 0.198
0 0.179 0.663 0.276 0.018
0 0.203 0.633 0.320 0.019
1 0.125 0.603 0.171 0.015
0 0.256 0.603 0.068 0.013
0 0.185 0.572 0.288 0.020
0 0.572 0.664 0.122 0.013
0 0.621 0.633 0.217 0.019
0 0.706 0.603 0.028 0.013
1 0.595 0.603 0.171 0.015
0 0.647 0.572 0.271 0.020
0 0.654 0.539 0.282 0.018
0 0.636 0.508 0.250 0.014
2 0.457 0.509 0.041 0.026
0 0.151 0.539 0.219 0.019
0 0.190 0.508 0.295 0.014
2 0.242 0.465 0.077 0.043
2 0.160 0.465 0.077 0.043
2 0.078 0.465 0.077 0.043
1 0.913 0.207 0.039 0.019
2 0.737 0.306 0.259 0.239
1 0.442 0.207 0.039 0.019
2 0.248 0.314 0.418 0.236
0 0.132 0.109 0.183 0.016
0 0.918 0.107 0.084 0.016
1 0.837 0.108 0.034 0.013
0 0.723 0.108 0.070 0.015
1 0.645 0.108 0.043 0.024
1 0.167 0.058 0.033 0.019
1 0.783 0.057 0.053 0.025
1 0.903 0.057 0.049 0.024
5 0.419 0.057 0.594 0.049
4 0.500 0.011 0.999 0.021
