0 0.498 0.131 0.261 0.018
0 0.502 0.219 0.860 0.050
0 0.461 0.318 0.279 0.017
0 0.431 0.351 0.216 0.020
0 0.434 0.385 0.222 0.019
0 0.461 0.496 0.277 0.017
0 0.421 0.529 0.196 0.020
0 0.434 0.563 0.222 0.019
0 0.461 0.674 0.278 0.017
0 0.421 0.707 0.196 0.019
0 0.434 0.741 0.222 0.019
0 0.479 0.851 0.275 0.017
0 0.421 0.886 0.196 0.018
0 0.444 0.919 0.242 0.020
0 0.099 0.058 0.094 0.017
1 0.042 0.131 0.028 0.023
1 0.640 0.319 0.024 0.019
1 0.640 0.497 0.024 0.019
1 0.640 0.675 0.024 0.019
1 0.656 0.853 0.024 0.019
1 0.061 0.890 0.117 0.064
2 0.162 0.358 0.242 0.142
2 0.163 0.537 0.242 0.141
2 0.162 0.714 0.242 0.142
2 0.261 0.855 0.166 0.096
2 0.162 0.892 0.242 0.141
4 0.500 0.011 0.999 0.022
