0 0.195 0.623 0.279 0.013
0 0.128 0.542 0.143 0.013
0 0.105 0.462 0.097 0.013
0 0.098 0.381 0.083 0.013
0 0.137 0.300 0.162 0.012
0 0.139 0.222 0.166 0.012
4 0.514 0.025 0.868 0.014
0 0.898 0.075 0.102 0.012
0 0.501 0.074 0.296 0.014
0 0.483 0.153 0.632 0.018
0 0.278 0.690 0.275 0.016
0 0.258 0.735 0.233 0.016
0 0.541 0.797 0.795 0.055
3 0.500 0.878 0.883 0.054
7 0.497 0.795 0.882 0.060
7 0.217 0.734 0.320 0.028
7 0.237 0.690 0.360 0.028
5 0.496 0.629 0.883 0.025
5 0.496 0.548 0.883 0.024
5 0.496 0.467 0.883 0.024
5 0.496 0.387 0.883 0.023
5 0.496 0.306 0.883 0.023
5 0.496 0.227 0.883 0.023
