0 0.523 0.057 0.102 0.016
0 0.730 0.125 0.075 0.014
0 0.267 0.124 0.142 0.014
0 0.200 0.250 0.245 0.016
0 0.198 0.452 0.238 0.016
0 0.157 0.654 0.155 0.016
0 0.148 0.856 0.137 0.016
0 0.101 0.966 0.048 0.027
1 0.300 0.966 0.069 0.027
1 0.498 0.966 0.050 0.028
1 0.699 0.966 0.050 0.025
1 0.899 0.966 0.050 0.028
2 0.831 0.849 0.217 0.168
2 0.831 0.653 0.252 0.180
2 0.825 0.450 0.093 0.168
2 0.799 0.250 0.191 0.180
1 0.442 0.057 0.035 0.020
2 0.928 0.057 0.053 0.023
5 0.500 0.057 0.961 0.044
4 0.500 0.011 0.999 0.022
