0 0.488 0.923 0.817 0.024
2 0.488 0.771 0.926 0.373
0 0.131 0.558 0.154 0.032
1 0.614 0.460 0.197 0.016
0 0.893 0.488 0.097 0.017
0 0.858 0.462 0.130 0.012
0 0.703 0.413 0.378 0.014
2 0.721 0.279 0.446 0.204
0 0.399 0.488 0.097 0.016
0 0.383 0.462 0.130 0.012
1 0.138 0.460 0.198 0.016
0 0.144 0.428 0.207 0.017
0 0.240 0.402 0.400 0.017
2 0.246 0.279 0.446 0.203
3 0.902 0.144 0.149 0.042
0 0.300 0.143 0.493 0.026
1 0.062 0.058 0.027 0.027
0 0.502 0.059 0.300 0.024
1 0.906 0.058 0.045 0.024
1 0.799 0.058 0.046 0.024
4 0.500 0.011 0.999 0.021
