0 0.364 0.105 0.399 0.023
1 0.112 0.103 0.046 0.025
4 0.500 0.012 0.999 0.023
0 0.261 0.345 0.274 0.024
0 0.740 0.343 0.275 0.019
0 0.260 0.616 0.146 0.023
0 0.742 0.613 0.097 0.019
0 0.262 0.885 0.187 0.024
0 0.741 0.887 0.196 0.022
0 0.167 0.991 0.087 0.013
0 0.500 0.991 0.108 0.014
0 0.833 0.989 0.075 0.011
1 0.167 0.959 0.049 0.028
2 0.499 0.959 0.055 0.030
1 0.833 0.959 0.055 0.031
5 0.500 0.104 0.923 0.069
2 0.260 0.269 0.443 0.220
2 0.741 0.269 0.443 0.220
2 0.260 0.525 0.443 0.249
2 0.741 0.525 0.443 0.249
2 0.260 0.795 0.443 0.249
2 0.741 0.795 0.443 0.249
