0 0.149 0.469 0.219 0.018
0 0.099 0.400 0.117 0.017
0 0.406 0.219 0.218 0.018
0 0.409 0.155 0.226 0.017
0 0.501 0.058 0.179 0.016
0 0.911 0.057 0.079 0.019
1 0.060 0.055 0.047 0.017
1 0.148 0.181 0.219 0.123
3 0.500 0.932 0.924 0.072
0 0.856 0.628 0.206 0.021
0 0.837 0.557 0.246 0.019
0 0.144 0.626 0.207 0.018
0 0.134 0.557 0.188 0.018
0 0.492 0.502 0.901 0.016
5 0.501 0.473 0.923 0.026
5 0.501 0.405 0.923 0.026
1 0.396 0.298 0.072 0.041
1 0.078 0.298 0.072 0.041
0 0.178 0.298 0.083 0.013
0 0.513 0.298 0.118 0.013
5 0.628 0.159 0.667 0.027
5 0.628 0.224 0.667 0.027
4 0.500 0.011 0.999 0.022
