0 0.180 0.065 0.119 0.017
2 0.501 0.499 0.290 0.175
1 0.899 0.959 0.050 0.008
1 0.699 0.960 0.043 0.025
1 0.499 0.959 0.050 0.024
1 0.296 0.959 0.060 0.029
1 0.101 0.959 0.050 0.028
0 0.101 0.990 0.055 0.011
0 0.300 0.991 0.081 0.011
0 0.499 0.991 0.068 0.011
0 0.899 0.991 0.058 0.010
0 0.699 0.990 0.070 0.011
0 0.500 0.645 0.772 0.027
0 0.167 0.131 0.079 0.017
0 0.499 0.131 0.228 0.018
0 0.835 0.133 0.078 0.020
0 0.899 0.066 0.103 0.018
1 0.085 0.065 0.035 0.019
5 0.438 0.066 0.777 0.050
4 0.500 0.011 0.999 0.022
