0 0.501 0.057 0.243 0.019
0 0.149 0.059 0.149 0.023
0 0.471 0.118 0.845 0.039
0 0.112 0.180 0.123 0.014
0 0.231 0.232 0.360 0.023
0 0.227 0.290 0.350 0.019
0 0.477 0.353 0.854 0.040
0 0.192 0.416 0.285 0.014
0 0.255 0.468 0.408 0.023
0 0.267 0.528 0.433 0.023
0 0.311 0.587 0.521 0.023
0 0.484 0.649 0.869 0.039
0 0.204 0.729 0.094 0.018
0 0.280 0.758 0.247 0.016
0 0.233 0.884 0.153 0.018
0 0.279 0.913 0.248 0.016
0 0.307 0.963 0.302 0.023
0 0.280 0.990 0.248 0.016
1 0.047 0.058 0.031 0.029
1 0.943 0.743 0.019 0.018
1 0.942 0.821 0.020 0.018
1 0.942 0.898 0.021 0.019
1 0.942 0.976 0.020 0.018
2 0.084 0.742 0.071 0.040
2 0.084 0.819 0.071 0.040
2 0.085 0.897 0.071 0.040
2 0.085 0.974 0.071 0.040
0 0.251 0.807 0.188 0.018
0 0.280 0.835 0.248 0.016
4 0.500 0.011 0.999 0.022
