0 0.364 0.105 0.399 0.022
0 0.167 0.990 0.086 0.013
0 0.500 0.991 0.107 0.013
0 0.833 0.990 0.074 0.011
1 0.833 0.959 0.054 0.030
2 0.500 0.959 0.053 0.030
1 0.167 0.959 0.048 0.027
1 0.605 0.883 0.167 0.019
0 0.628 0.911 0.212 0.015
0 0.723 0.884 0.056 0.013
0 0.572 0.857 0.099 0.022
0 0.707 0.831 0.370 0.021
0 0.709 0.805 0.372 0.021
1 0.125 0.883 0.167 0.019
0 0.137 0.911 0.192 0.015
0 0.254 0.886 0.079 0.016
0 0.232 0.856 0.380 0.021
0 0.258 0.831 0.433 0.021
0 0.202 0.805 0.320 0.021
2 0.741 0.661 0.442 0.249
2 0.260 0.661 0.442 0.249
1 0.605 0.476 0.167 0.019
0 0.614 0.504 0.184 0.016
0 0.721 0.477 0.053 0.014
0 0.564 0.448 0.083 0.016
0 0.701 0.424 0.357 0.021
0 0.702 0.396 0.358 0.018
1 0.125 0.476 0.167 0.019
0 0.145 0.504 0.208 0.015
0 0.256 0.478 0.080 0.016
0 0.108 0.448 0.130 0.016
0 0.237 0.424 0.392 0.020
0 0.238 0.398 0.392 0.021
2 0.740 0.269 0.442 0.218
2 0.260 0.269 0.442 0.218
5 0.500 0.104 0.923 0.068
1 0.112 0.103 0.045 0.025
4 0.500 0.011 0.998 0.021
