4 0.500 0.011 0.999 0.022
0 0.499 0.057 0.151 0.015
0 0.105 0.058 0.110 0.016
3 0.749 0.115 0.502 0.054
3 0.250 0.115 0.498 0.054
0 0.495 0.192 0.950 0.053
0 0.500 0.267 0.160 0.013
5 0.500 0.321 0.952 0.041
0 0.123 0.320 0.166 0.015
5 0.500 0.377 0.952 0.041
0 0.122 0.376 0.163 0.014
5 0.500 0.431 0.952 0.041
0 0.150 0.430 0.217 0.015
5 0.500 0.485 0.952 0.041
0 0.216 0.484 0.352 0.015
0 0.096 0.526 0.133 0.013
0 0.862 0.528 0.224 0.016
5 0.500 0.559 0.952 0.041
0 0.375 0.559 0.689 0.019
0 0.548 0.629 0.866 0.054
7 0.500 0.629 0.962 0.055
2 0.341 0.699 0.260 0.026
0 0.649 0.702 0.286 0.014
0 0.397 0.740 0.745 0.033
0 0.497 0.776 0.281 0.015
0 0.500 0.806 0.313 0.022
7 0.269 0.877 0.490 0.042
0 0.322 0.877 0.383 0.013
3 0.500 0.959 0.952 0.055
