3 0.151 0.955 0.224 0.058
1 0.080 0.058 0.083 0.047
1 0.211 0.955 0.024 0.009
0 0.119 0.954 0.076 0.019
3 0.631 0.955 0.663 0.058
2 0.874 0.783 0.178 0.100
0 0.176 0.811 0.233 0.012
0 0.134 0.833 0.151 0.015
0 0.196 0.859 0.275 0.019
0 0.112 0.889 0.106 0.014
0 0.520 0.811 0.235 0.014
0 0.492 0.832 0.181 0.017
0 0.474 0.859 0.148 0.019
0 0.776 0.811 0.056 0.011
0 0.962 0.811 0.035 0.012
0 0.847 0.833 0.200 0.015
0 0.874 0.858 0.252 0.015
0 0.776 0.889 0.057 0.015
0 0.454 0.890 0.111 0.016
0 0.183 0.526 0.280 0.028
2 0.199 0.682 0.320 0.235
2 0.543 0.681 0.320 0.235
2 0.863 0.681 0.274 0.235
0 0.120 0.325 0.120 0.012
0 0.155 0.347 0.189 0.016
0 0.196 0.372 0.277 0.015
0 0.089 0.403 0.058 0.014
0 0.519 0.325 0.233 0.012
0 0.501 0.346 0.193 0.016
0 0.540 0.372 0.275 0.015
0 0.432 0.403 0.058 0.014
0 0.776 0.403 0.057 0.014
0 0.864 0.325 0.233 0.012
0 0.864 0.346 0.238 0.016
0 0.853 0.371 0.209 0.016
1 0.143 0.431 0.167 0.017
1 0.831 0.431 0.167 0.017
0 0.250 0.041 0.423 0.025
2 0.199 0.195 0.320 0.235
2 0.543 0.195 0.320 0.235
2 0.864 0.195 0.273 0.235
