0 0.501 0.060 0.588 0.021
0 0.617 0.144 0.652 0.062
0 0.494 0.194 0.114 0.016
0 0.357 0.224 0.130 0.015
0 0.418 0.259 0.154 0.013
0 0.598 0.349 0.613 0.041
0 0.499 0.386 0.124 0.015
0 0.368 0.417 0.155 0.017
0 0.418 0.451 0.154 0.013
0 0.621 0.567 0.660 0.064
0 0.498 0.616 0.122 0.015
0 0.357 0.646 0.132 0.015
0 0.418 0.680 0.154 0.013
0 0.592 0.771 0.601 0.041
0 0.494 0.807 0.114 0.016
0 0.369 0.839 0.155 0.017
0 0.418 0.872 0.154 0.013
0 0.844 0.942 0.231 0.015
0 0.907 0.971 0.108 0.017
3 0.270 0.954 0.462 0.060
1 0.310 0.871 0.039 0.018
2 0.146 0.827 0.214 0.091
1 0.362 0.806 0.134 0.016
1 0.363 0.615 0.136 0.016
1 0.309 0.680 0.040 0.018
2 0.146 0.612 0.213 0.108
2 0.145 0.405 0.213 0.095
1 0.310 0.450 0.039 0.018
1 0.363 0.385 0.136 0.016
1 0.363 0.193 0.136 0.016
1 0.310 0.258 0.039 0.018
2 0.145 0.191 0.213 0.093
1 0.066 0.054 0.055 0.025
4 0.500 0.011 0.999 0.022
