0 0.501 0.057 0.213 0.019
0 0.890 0.057 0.121 0.018
0 0.219 0.123 0.394 0.020
0 0.206 0.390 0.368 0.018
0 0.852 0.388 0.295 0.015
0 0.351 0.440 0.662 0.064
0 0.851 0.440 0.295 0.063
0 0.500 0.548 0.767 0.040
0 0.162 0.778 0.280 0.017
0 0.101 0.988 0.079 0.011
0 0.302 0.989 0.093 0.014
0 0.502 0.988 0.034 0.011
0 0.699 0.988 0.129 0.011
0 0.900 0.988 0.057 0.011
0 0.623 0.313 0.054 0.024
1 0.444 0.121 0.032 0.011
1 0.558 0.313 0.041 0.034
2 0.352 0.258 0.665 0.218
2 0.851 0.258 0.297 0.218
2 0.213 0.867 0.386 0.130
2 0.618 0.867 0.387 0.130
2 0.915 0.867 0.170 0.130
3 0.500 0.623 0.903 0.048
3 0.501 0.682 0.903 0.048
1 0.101 0.956 0.059 0.033
1 0.301 0.956 0.060 0.034
1 0.502 0.955 0.059 0.033
1 0.700 0.956 0.040 0.034
1 0.900 0.955 0.058 0.022
4 0.500 0.011 0.999 0.022
