0 0.155 0.065 0.114 0.015
0 0.144 0.137 0.114 0.016
0 0.487 0.136 0.260 0.015
0 0.843 0.138 0.144 0.019
1 0.056 0.065 0.035 0.019
2 0.927 0.065 0.059 0.022
0 0.503 0.241 0.070 0.014
0 0.514 0.267 0.096 0.015
0 0.639 0.288 0.347 0.014
0 0.634 0.326 0.332 0.025
2 0.242 0.287 0.372 0.116
6 0.500 0.421 0.250 0.010
0 0.746 0.520 0.196 0.020
2 0.256 0.517 0.471 0.121
0 0.746 0.608 0.314 0.019
0 0.745 0.633 0.379 0.017
0 0.256 0.606 0.238 0.015
0 0.254 0.632 0.138 0.014
2 0.746 0.732 0.131 0.074
2 0.255 0.716 0.337 0.074
0 0.255 0.768 0.212 0.011
0 0.500 0.830 0.189 0.016
0 0.499 0.856 0.647 0.019
1 0.365 0.897 0.078 0.044
1 0.500 0.897 0.078 0.044
1 0.635 0.897 0.079 0.044
2 0.126 0.967 0.073 0.025
2 0.376 0.966 0.074 0.026
1 0.626 0.965 0.055 0.031
1 0.875 0.965 0.040 0.029
5 0.500 0.066 0.961 0.049
4 0.500 0.011 0.999 0.022
