0 0.275 0.114 0.304 0.023
2 0.260 0.886 0.442 0.094
2 0.740 0.886 0.442 0.093
1 0.100 0.959 0.048 0.029
1 0.298 0.959 0.058 0.034
1 0.499 0.960 0.061 0.029
1 0.696 0.959 0.063 0.034
1 0.899 0.959 0.043 0.029
1 0.430 0.782 0.064 0.029
1 0.911 0.782 0.064 0.029
1 0.911 0.441 0.064 0.029
1 0.430 0.441 0.064 0.029
1 0.087 0.112 0.038 0.022
1 0.046 0.058 0.030 0.029
0 0.100 0.991 0.086 0.013
0 0.300 0.989 0.081 0.011
0 0.500 0.990 0.106 0.011
0 0.699 0.990 0.050 0.011
0 0.900 0.990 0.033 0.011
0 0.564 0.795 0.081 0.015
0 0.673 0.770 0.299 0.017
0 0.086 0.770 0.089 0.017
0 0.085 0.795 0.082 0.015
0 0.138 0.429 0.190 0.017
0 0.085 0.454 0.082 0.015
0 0.659 0.429 0.272 0.017
0 0.565 0.454 0.082 0.015
0 0.500 0.059 0.398 0.022
5 0.500 0.113 0.903 0.049
2 0.260 0.282 0.442 0.249
2 0.741 0.282 0.441 0.249
2 0.740 0.623 0.442 0.249
2 0.260 0.623 0.443 0.249
4 0.500 0.012 0.999 0.023
