0 0.393 0.055 0.302 0.022
1 0.206 0.054 0.035 0.020
5 0.500 0.055 0.663 0.050
0 0.247 0.119 0.286 0.019
0 0.752 0.119 0.246 0.019
0 0.209 0.180 0.338 0.020
0 0.863 0.178 0.194 0.016
0 0.601 0.286 0.536 0.069
0 0.434 0.351 0.205 0.015
0 0.610 0.512 0.554 0.069
0 0.434 0.577 0.204 0.015
0 0.611 0.737 0.560 0.066
0 0.430 0.804 0.197 0.015
0 0.101 0.988 0.084 0.014
0 0.301 0.989 0.167 0.018
0 0.500 0.989 0.131 0.017
0 0.699 0.989 0.073 0.017
0 0.900 0.988 0.061 0.014
2 0.179 0.347 0.221 0.120
2 0.178 0.578 0.125 0.106
2 0.178 0.802 0.225 0.092
3 0.634 0.392 0.607 0.044
3 0.634 0.618 0.607 0.044
3 0.634 0.845 0.606 0.044
1 0.100 0.959 0.060 0.033
1 0.301 0.959 0.060 0.032
1 0.500 0.959 0.066 0.038
2 0.699 0.959 0.064 0.036
1 0.899 0.959 0.066 0.031
4 0.500 0.011 0.999 0.022
