4 0.500 0.012 0.999 0.023
0 0.500 0.058 0.250 0.017
0 0.146 0.298 0.208 0.018
0 0.106 0.573 0.130 0.017
0 0.177 0.850 0.275 0.018
0 0.101 0.992 0.057 0.010
0 0.300 0.991 0.056 0.010
0 0.500 0.993 0.093 0.012
0 0.699 0.993 0.103 0.012
0 0.899 0.992 0.048 0.010
1 0.900 0.960 0.076 0.011
1 0.698 0.959 0.072 0.027
1 0.498 0.962 0.098 0.021
1 0.299 0.959 0.048 0.031
1 0.101 0.960 0.051 0.030
1 0.792 0.058 0.049 0.027
1 0.898 0.055 0.070 0.033
2 0.500 0.215 0.999 0.254
2 0.500 0.490 0.999 0.255
2 0.500 0.767 0.999 0.255
2 0.501 0.924 0.998 0.018
