0 0.455 0.070 0.647 0.017
1 0.076 0.068 0.037 0.021
1 0.932 0.570 0.050 0.006
1 0.446 0.601 0.040 0.023
1 0.101 0.956 0.061 0.034
1 0.300 0.956 0.060 0.034
1 0.502 0.956 0.060 0.034
1 0.727 0.954 0.097 0.037
1 0.900 0.955 0.059 0.022
0 0.251 0.146 0.420 0.024
0 0.087 0.443 0.091 0.016
0 0.331 0.467 0.171 0.013
0 0.837 0.445 0.279 0.020
0 0.951 0.467 0.097 0.013
0 0.726 0.489 0.057 0.016
0 0.070 0.490 0.057 0.016
0 0.209 0.490 0.118 0.014
0 0.865 0.489 0.119 0.014
0 0.202 0.569 0.323 0.020
0 0.227 0.602 0.372 0.018
1 0.139 0.467 0.199 0.020
1 0.795 0.468 0.200 0.020
1 0.795 0.922 0.200 0.020
1 0.138 0.922 0.200 0.020
0 0.252 0.898 0.421 0.020
0 0.786 0.896 0.176 0.017
0 0.951 0.921 0.098 0.014
0 0.323 0.921 0.155 0.013
0 0.100 0.988 0.080 0.011
0 0.302 0.989 0.093 0.014
0 0.502 0.988 0.034 0.010
0 0.699 0.988 0.129 0.011
0 0.900 0.988 0.057 0.011
2 0.359 0.300 0.637 0.239
2 0.848 0.300 0.304 0.240
2 0.358 0.754 0.638 0.239
2 0.848 0.754 0.304 0.240
5 0.500 0.068 0.961 0.060
4 0.500 0.011 0.999 0.022
