0 0.285 0.036 0.448 0.019
0 0.179 0.108 0.234 0.020
0 0.340 0.148 0.559 0.021
0 0.107 0.237 0.094 0.013
0 0.190 0.297 0.262 0.019
0 0.123 0.389 0.129 0.013
0 0.145 0.451 0.169 0.024
0 0.231 0.524 0.342 0.020
0 0.104 0.617 0.089 0.013
0 0.224 0.677 0.329 0.020
0 0.135 0.788 0.148 0.024
0 0.454 0.878 0.321 0.016
0 0.900 0.982 0.095 0.011
0 0.700 0.982 0.075 0.011
0 0.500 0.981 0.065 0.011
0 0.300 0.981 0.078 0.011
0 0.101 0.982 0.105 0.011
1 0.101 0.950 0.052 0.031
1 0.301 0.950 0.059 0.029
2 0.500 0.950 0.052 0.032
1 0.700 0.950 0.055 0.030
1 0.900 0.950 0.060 0.034
1 0.913 0.677 0.050 0.034
1 0.913 0.525 0.060 0.025
1 0.913 0.448 0.035 0.034
2 0.913 0.296 0.057 0.032
1 0.912 0.108 0.056 0.034
4 0.500 0.011 0.999 0.022
