0 0.532 0.060 0.178 0.014
1 0.347 0.395 0.060 0.035
0 0.875 0.990 0.075 0.011
0 0.626 0.992 0.118 0.013
0 0.376 0.992 0.097 0.013
0 0.126 0.991 0.113 0.011
1 0.126 0.959 0.054 0.030
1 0.376 0.959 0.060 0.029
1 0.626 0.959 0.060 0.031
1 0.874 0.960 0.055 0.031
2 0.500 0.901 0.080 0.044
0 0.192 0.859 0.201 0.013
0 0.206 0.655 0.229 0.013
0 0.501 0.752 0.419 0.021
0 0.501 0.788 0.422 0.017
2 0.500 0.697 0.127 0.043
1 0.928 0.855 0.045 0.023
1 0.928 0.651 0.045 0.023
1 0.928 0.348 0.045 0.023
0 0.380 0.555 0.229 0.018
0 0.330 0.586 0.129 0.014
0 0.118 0.587 0.069 0.017
0 0.126 0.555 0.085 0.017
0 0.500 0.485 0.585 0.017
0 0.192 0.352 0.201 0.013
0 0.501 0.451 0.414 0.026
0 0.541 0.394 0.287 0.037
0 0.206 0.114 0.228 0.013
0 0.502 0.281 0.386 0.018
0 0.498 0.229 0.714 0.058
1 0.400 0.059 0.044 0.024
2 0.501 0.156 0.127 0.043
1 0.928 0.111 0.045 0.023
5 0.500 0.060 0.932 0.043
4 0.500 0.011 0.999 0.022
