0 0.291 0.058 0.300 0.022
1 0.301 0.283 0.039 0.018
0 0.204 0.113 0.355 0.017
0 0.523 0.189 0.485 0.041
0 0.512 0.224 0.134 0.016
0 0.344 0.252 0.126 0.015
0 0.409 0.284 0.154 0.013
0 0.135 0.365 0.169 0.017
0 0.136 0.442 0.173 0.019
0 0.201 0.517 0.304 0.015
0 0.213 0.596 0.326 0.019
0 0.236 0.671 0.372 0.015
0 0.141 0.747 0.183 0.015
0 0.094 0.823 0.090 0.015
0 0.153 0.900 0.209 0.015
0 0.126 0.990 0.068 0.011
0 0.377 0.990 0.103 0.011
0 0.626 0.990 0.075 0.011
0 0.875 0.990 0.098 0.011
1 0.125 0.958 0.052 0.019
2 0.376 0.960 0.052 0.025
2 0.624 0.957 0.054 0.024
1 0.875 0.959 0.052 0.029
1 0.942 0.899 0.020 0.018
1 0.942 0.823 0.020 0.019
1 0.942 0.746 0.020 0.019
1 0.942 0.670 0.020 0.019
1 0.942 0.593 0.020 0.019
1 0.942 0.517 0.020 0.018
1 0.942 0.440 0.021 0.018
1 0.105 0.057 0.026 0.014
2 0.747 0.058 0.050 0.028
1 0.872 0.058 0.050 0.027
1 0.947 0.058 0.055 0.029
1 0.357 0.223 0.144 0.017
2 0.153 0.233 0.124 0.133
2 0.943 0.234 0.110 0.086
5 0.430 0.057 0.725 0.049
4 0.500 0.011 0.999 0.022
