4 0.500 0.011 0.999 0.022
0 0.500 0.058 0.106 0.027
0 0.124 0.180 0.089 0.021
0 0.207 0.365 0.257 0.017
0 0.191 0.551 0.225 0.017
0 0.154 0.738 0.153 0.018
0 0.190 0.925 0.223 0.017
0 0.101 0.991 0.068 0.011
0 0.301 0.992 0.118 0.014
0 0.499 0.992 0.060 0.013
0 0.698 0.991 0.096 0.011
0 0.899 0.990 0.081 0.011
1 0.101 0.959 0.055 0.031
2 0.301 0.960 0.054 0.029
2 0.500 0.960 0.055 0.029
1 0.699 0.960 0.055 0.029
1 0.897 0.959 0.045 0.031
1 0.820 0.057 0.033 0.020
1 0.932 0.057 0.035 0.021
2 0.501 0.179 0.923 0.176
2 0.500 0.366 0.923 0.176
2 0.500 0.553 0.923 0.176
2 0.500 0.740 0.922 0.176
2 0.500 0.886 0.922 0.095
