0 0.538 0.140 0.758 0.022
2 0.500 0.978 0.922 0.045
1 0.377 0.896 0.215 0.019
0 0.144 0.897 0.209 0.019
0 0.130 0.865 0.180 0.018
0 0.375 0.834 0.668 0.022
3 0.139 0.784 0.163 0.028
2 0.500 0.712 0.922 0.193
1 0.336 0.556 0.214 0.019
0 0.124 0.555 0.167 0.015
0 0.149 0.525 0.216 0.018
0 0.405 0.493 0.728 0.017
3 0.131 0.445 0.146 0.028
2 0.500 0.373 0.923 0.193
0 0.888 0.214 0.143 0.014
0 0.103 0.216 0.123 0.019
1 0.103 0.139 0.059 0.033
5 0.500 0.139 0.952 0.082
1 0.073 0.058 0.043 0.024
2 0.501 0.058 0.401 0.027
4 0.500 0.011 0.999 0.021
