0 0.500 0.543 0.392 0.023
0 0.500 0.595 0.711 0.038
1 0.099 0.114 0.025 0.020
0 0.500 0.659 0.508 0.037
2 0.498 0.423 0.437 0.164
0 0.845 0.115 0.087 0.014
0 0.185 0.115 0.106 0.014
0 0.513 0.115 0.113 0.014
1 0.813 0.058 0.045 0.026
0 0.500 0.058 0.199 0.016
0 0.903 0.057 0.046 0.026
1 0.900 0.959 0.060 0.034
1 0.698 0.959 0.041 0.033
1 0.500 0.959 0.059 0.031
1 0.301 0.959 0.057 0.033
1 0.101 0.959 0.059 0.031
0 0.899 0.991 0.095 0.013
0 0.698 0.991 0.088 0.013
0 0.499 0.990 0.135 0.011
0 0.301 0.991 0.059 0.013
0 0.101 0.990 0.067 0.010
4 0.500 0.011 0.999 0.021
