2 0.754 0.790 0.215 0.286
2 0.247 0.790 0.214 0.286
1 0.415 0.660 0.050 0.026
1 0.921 0.660 0.050 0.026
0 0.754 0.575 0.077 0.015
0 0.753 0.554 0.080 0.013
0 0.754 0.535 0.309 0.017
0 0.754 0.511 0.185 0.015
1 0.921 0.171 0.050 0.026
2 0.754 0.323 0.198 0.330
0 0.247 0.575 0.077 0.015
0 0.247 0.554 0.097 0.013
0 0.248 0.535 0.231 0.017
0 0.247 0.511 0.078 0.015
1 0.415 0.171 0.050 0.026
2 0.247 0.323 0.205 0.330
0 0.845 0.115 0.087 0.014
0 0.167 0.115 0.081 0.014
0 0.513 0.115 0.113 0.014
1 0.813 0.058 0.045 0.026
0 0.500 0.058 0.126 0.015
1 0.072 0.057 0.046 0.017
0 0.903 0.057 0.046 0.026
1 0.900 0.959 0.060 0.034
1 0.698 0.959 0.041 0.033
1 0.500 0.959 0.059 0.031
1 0.301 0.959 0.057 0.033
1 0.101 0.959 0.059 0.031
0 0.899 0.991 0.095 0.013
0 0.698 0.991 0.088 0.013
0 0.499 0.990 0.135 0.011
0 0.301 0.991 0.059 0.013
0 0.101 0.990 0.067 0.010
4 0.500 0.011 0.999 0.021
