0 0.250 0.530 0.329 0.016
0 0.252 0.666 0.162 0.016
0 0.751 0.664 0.220 0.014
0 0.750 0.530 0.111 0.016
0 0.750 0.394 0.292 0.016
0 0.250 0.393 0.236 0.015
3 0.326 0.229 0.218 0.040
0 0.148 0.120 0.189 0.034
1 0.748 0.620 0.056 0.033
1 0.250 0.620 0.065 0.037
1 0.250 0.485 0.058 0.032
1 0.750 0.484 0.065 0.037
1 0.750 0.349 0.044 0.037
1 0.251 0.349 0.065 0.036
1 0.110 0.230 0.147 0.082
1 0.101 0.959 0.049 0.028
1 0.301 0.959 0.051 0.029
1 0.499 0.959 0.050 0.024
1 0.699 0.960 0.043 0.025
1 0.899 0.959 0.050 0.008
0 0.899 0.991 0.060 0.011
0 0.699 0.990 0.070 0.011
0 0.499 0.991 0.068 0.011
0 0.300 0.990 0.081 0.011
0 0.100 0.990 0.056 0.011
4 0.500 0.011 0.999 0.022
