4 0.514 0.025 0.866 0.014
0 0.574 0.839 0.097 0.016
0 0.739 0.810 0.428 0.032
0 0.075 0.840 0.097 0.016
0 0.250 0.808 0.449 0.029
1 0.910 0.591 0.060 0.028
1 0.411 0.591 0.059 0.027
0 0.581 0.486 0.110 0.016
0 0.752 0.455 0.454 0.029
0 0.074 0.486 0.097 0.016
0 0.251 0.455 0.452 0.029
1 0.911 0.237 0.059 0.028
1 0.411 0.237 0.061 0.028
0 0.896 0.074 0.107 0.014
0 0.500 0.076 0.524 0.017
1 0.078 0.073 0.027 0.021
0 0.193 0.124 0.187 0.013
0 0.479 0.124 0.163 0.012
0 0.757 0.125 0.191 0.016
1 0.882 0.124 0.016 0.015
2 0.754 0.674 0.459 0.215
2 0.254 0.674 0.459 0.215
2 0.754 0.320 0.459 0.215
2 0.254 0.320 0.459 0.215
0 0.899 0.955 0.138 0.012
0 0.699 0.953 0.090 0.010
0 0.500 0.953 0.052 0.009
0 0.300 0.954 0.060 0.012
0 0.100 0.953 0.068 0.009
1 0.898 0.929 0.045 0.016
1 0.699 0.930 0.047 0.021
1 0.498 0.930 0.055 0.023
1 0.300 0.929 0.068 0.020
1 0.099 0.930 0.052 0.023
