0 0.500 0.523 0.084 0.016
0 0.500 0.590 0.048 0.020
5 0.501 0.589 0.821 0.055
5 0.501 0.524 0.821 0.055
0 0.099 0.058 0.094 0.017
0 0.169 0.149 0.092 0.014
0 0.367 0.151 0.143 0.018
0 0.575 0.149 0.117 0.014
0 0.796 0.149 0.165 0.014
0 0.494 0.301 0.699 0.039
0 0.499 0.412 0.502 0.111
0 0.499 0.711 0.420 0.017
0 0.500 0.751 0.750 0.018
0 0.498 0.945 0.670 0.034
1 0.062 0.891 0.117 0.064
3 0.500 0.656 0.822 0.058
2 0.499 0.233 0.169 0.052
1 0.169 0.120 0.054 0.031
1 0.256 0.128 0.022 0.022
1 0.367 0.118 0.052 0.027
1 0.477 0.128 0.022 0.022
2 0.576 0.119 0.068 0.026
1 0.674 0.128 0.022 0.022
1 0.797 0.119 0.059 0.025
4 0.500 0.011 0.999 0.022
