3 0.160 0.464 0.172 0.044
3 0.341 0.465 0.155 0.044
3 0.577 0.464 0.282 0.044
3 0.832 0.464 0.190 0.044
3 0.859 0.407 0.145 0.044
3 0.679 0.408 0.180 0.044
3 0.442 0.407 0.258 0.044
3 0.183 0.407 0.227 0.044
3 0.231 0.351 0.220 0.044
3 0.426 0.350 0.135 0.044
3 0.582 0.350 0.141 0.044
3 0.775 0.351 0.209 0.044
3 0.795 0.293 0.200 0.044
3 0.586 0.293 0.184 0.044
3 0.399 0.293 0.157 0.044
3 0.204 0.293 0.197 0.044
1 0.082 0.067 0.039 0.016
0 0.501 0.155 0.748 0.087
0 0.500 0.236 0.830 0.023
0 0.500 0.545 0.184 0.013
3 0.500 0.935 0.808 0.066
4 0.500 0.011 0.999 0.022
