0 0.275 0.072 0.333 0.018
5 0.501 0.071 0.928 0.049
0 0.127 0.132 0.168 0.020
0 0.873 0.135 0.174 0.019
0 0.194 0.461 0.310 0.044
0 0.548 0.459 0.261 0.040
0 0.897 0.459 0.206 0.041
0 0.157 0.500 0.232 0.012
0 0.534 0.500 0.232 0.012
0 0.898 0.500 0.205 0.012
0 0.827 0.531 0.065 0.016
0 0.450 0.531 0.065 0.016
0 0.100 0.531 0.120 0.016
0 0.100 0.990 0.115 0.011
0 0.300 0.990 0.081 0.011
0 0.499 0.992 0.081 0.013
0 0.699 0.992 0.043 0.013
0 0.899 0.991 0.058 0.010
1 0.900 0.959 0.060 0.009
1 0.699 0.959 0.046 0.031
1 0.500 0.959 0.056 0.029
1 0.300 0.959 0.081 0.029
1 0.100 0.959 0.096 0.021
1 0.074 0.071 0.034 0.019
2 0.215 0.296 0.352 0.258
2 0.594 0.298 0.353 0.259
2 0.897 0.298 0.206 0.259
2 0.500 0.770 0.923 0.325
4 0.500 0.011 0.999 0.022
