0 0.358 0.075 0.349 0.021
0 0.100 0.981 0.105 0.011
0 0.300 0.982 0.078 0.010
0 0.500 0.981 0.065 0.011
0 0.700 0.981 0.074 0.011
0 0.901 0.981 0.094 0.011
1 0.901 0.950 0.059 0.034
1 0.700 0.949 0.054 0.030
2 0.500 0.950 0.052 0.032
1 0.301 0.950 0.059 0.029
1 0.101 0.950 0.051 0.031
3 0.500 0.883 0.883 0.065
1 0.580 0.796 0.131 0.014
0 0.677 0.797 0.043 0.013
0 0.632 0.772 0.230 0.020
0 0.611 0.744 0.190 0.015
0 0.672 0.721 0.311 0.019
0 0.570 0.697 0.110 0.011
1 0.903 0.541 0.040 0.020
2 0.728 0.601 0.428 0.160
1 0.124 0.795 0.130 0.014
0 0.223 0.796 0.048 0.012
0 0.183 0.772 0.246 0.020
0 0.236 0.746 0.351 0.018
0 0.190 0.720 0.259 0.015
0 0.146 0.697 0.174 0.010
1 0.447 0.541 0.040 0.020
2 0.272 0.601 0.427 0.160
1 0.580 0.476 0.131 0.014
0 0.688 0.477 0.065 0.013
0 0.632 0.453 0.231 0.020
0 0.628 0.427 0.224 0.019
0 0.630 0.400 0.226 0.015
0 0.615 0.378 0.199 0.011
1 0.124 0.476 0.130 0.014
0 0.226 0.477 0.055 0.012
0 0.173 0.453 0.225 0.020
2 0.308 0.426 0.039 0.021
0 0.169 0.425 0.216 0.017
0 0.243 0.401 0.367 0.015
0 0.139 0.378 0.160 0.011
1 0.904 0.222 0.039 0.019
2 0.728 0.282 0.428 0.160
1 0.447 0.221 0.039 0.020
2 0.273 0.282 0.428 0.160
0 0.391 0.150 0.660 0.031
5 0.500 0.074 0.886 0.066
1 0.123 0.074 0.037 0.020
4 0.500 0.011 0.999 0.021
