4 0.501 0.011 0.998 0.022
2 0.116 0.868 0.155 0.087
2 0.116 0.737 0.155 0.087
1 0.117 0.606 0.156 0.087
0 0.501 0.057 0.134 0.029
0 0.500 0.118 0.126 0.017
0 0.907 0.119 0.062 0.015
0 0.361 0.198 0.216 0.031
0 0.329 0.237 0.153 0.019
0 0.371 0.327 0.234 0.026
0 0.403 0.368 0.213 0.017
0 0.421 0.461 0.344 0.023
0 0.312 0.494 0.122 0.016
0 0.332 0.589 0.159 0.029
0 0.452 0.630 0.398 0.019
0 0.331 0.718 0.155 0.025
0 0.385 0.760 0.265 0.019
0 0.395 0.853 0.283 0.021
0 0.341 0.886 0.177 0.016
0 0.168 0.989 0.097 0.011
0 0.500 0.991 0.068 0.013
0 0.833 0.990 0.127 0.014
2 0.088 0.055 0.077 0.041
2 0.917 0.053 0.081 0.042
1 0.058 0.118 0.025 0.029
2 0.117 0.215 0.154 0.089
2 0.114 0.344 0.155 0.088
2 0.118 0.476 0.155 0.087
1 0.167 0.959 0.060 0.034
2 0.499 0.959 0.060 0.034
2 0.833 0.959 0.075 0.038
1 0.923 0.867 0.052 0.028
1 0.923 0.737 0.051 0.029
1 0.923 0.346 0.052 0.029
1 0.922 0.216 0.051 0.029
