0 0.921 0.950 0.080 0.013
0 0.878 0.925 0.167 0.013
0 0.946 0.901 0.031 0.014
0 0.922 0.744 0.078 0.013
0 0.878 0.719 0.167 0.013
0 0.946 0.695 0.031 0.014
0 0.921 0.580 0.080 0.013
0 0.878 0.554 0.166 0.013
0 0.946 0.530 0.031 0.014
0 0.922 0.415 0.079 0.013
0 0.878 0.390 0.167 0.013
0 0.946 0.366 0.031 0.014
0 0.913 0.251 0.097 0.013
0 0.878 0.225 0.167 0.013
0 0.525 0.172 0.563 0.018
0 0.448 0.695 0.048 0.015
0 0.447 0.901 0.049 0.015
0 0.477 0.060 0.622 0.020
0 0.117 0.104 0.085 0.014
0 0.372 0.104 0.144 0.014
0 0.628 0.104 0.165 0.014
0 0.884 0.104 0.141 0.014
0 0.332 0.339 0.180 0.022
0 0.489 0.504 0.495 0.022
0 0.346 0.665 0.200 0.018
0 0.532 0.871 0.575 0.018
0 0.474 0.225 0.465 0.064
0 0.474 0.392 0.465 0.068
0 0.457 0.555 0.432 0.066
0 0.422 0.733 0.357 0.043
0 0.458 0.940 0.431 0.043
3 0.363 0.778 0.242 0.028
3 0.616 0.778 0.242 0.028
1 0.327 0.900 0.168 0.018
1 0.326 0.694 0.168 0.018
2 0.119 0.210 0.151 0.088
2 0.122 0.374 0.171 0.096
2 0.121 0.538 0.170 0.096
2 0.122 0.703 0.171 0.096
2 0.121 0.908 0.169 0.076
1 0.812 0.057 0.031 0.010
1 0.915 0.055 0.048 0.035
4 0.500 0.011 0.999 0.022
