0 0.754 0.579 0.092 0.015
0 0.754 0.514 0.081 0.015
0 0.246 0.559 0.092 0.015
0 0.246 0.514 0.221 0.015
2 0.752 0.803 0.342 0.260
2 0.246 0.815 0.386 0.153
1 0.414 0.664 0.050 0.026
1 0.921 0.664 0.051 0.026
0 0.753 0.548 0.428 0.036
1 0.921 0.175 0.050 0.026
2 0.753 0.327 0.386 0.264
0 0.246 0.539 0.268 0.017
1 0.414 0.175 0.050 0.026
2 0.247 0.327 0.387 0.135
0 0.845 0.114 0.087 0.014
0 0.167 0.114 0.081 0.014
0 0.512 0.114 0.114 0.014
1 0.813 0.058 0.045 0.025
0 0.500 0.060 0.174 0.019
1 0.071 0.057 0.046 0.017
0 0.903 0.057 0.046 0.026
1 0.900 0.959 0.060 0.034
1 0.698 0.959 0.041 0.033
1 0.499 0.959 0.059 0.030
1 0.300 0.959 0.057 0.033
1 0.100 0.959 0.059 0.030
0 0.899 0.990 0.095 0.013
0 0.698 0.991 0.088 0.013
0 0.499 0.989 0.136 0.010
0 0.300 0.991 0.059 0.013
0 0.100 0.990 0.067 0.010
4 0.500 0.011 0.999 0.021
