0 0.328 0.058 0.413 0.019
2 0.909 0.916 0.183 0.033
2 0.543 0.904 0.227 0.055
2 0.172 0.903 0.200 0.058
2 0.188 0.618 0.248 0.127
2 0.539 0.621 0.208 0.116
2 0.883 0.619 0.223 0.126
2 0.883 0.307 0.216 0.127
2 0.192 0.307 0.228 0.125
2 0.537 0.311 0.279 0.115
1 0.089 0.960 0.082 0.041
1 0.300 0.962 0.064 0.039
1 0.499 0.962 0.068 0.038
1 0.699 0.961 0.068 0.033
1 0.900 0.961 0.080 0.012
0 0.901 0.990 0.054 0.011
0 0.700 0.990 0.129 0.011
0 0.501 0.991 0.103 0.014
0 0.301 0.992 0.088 0.014
0 0.101 0.991 0.056 0.014
0 0.297 0.825 0.519 0.024
0 0.882 0.710 0.122 0.019
0 0.537 0.708 0.191 0.015
0 0.191 0.708 0.112 0.015
0 0.252 0.510 0.428 0.024
0 0.881 0.396 0.094 0.019
0 0.536 0.397 0.122 0.019
0 0.191 0.394 0.112 0.015
0 0.193 0.196 0.312 0.024
1 0.087 0.058 0.038 0.021
1 0.906 0.058 0.050 0.028
1 0.795 0.058 0.050 0.028
0 0.750 0.116 0.159 0.014
0 0.251 0.116 0.126 0.014
5 0.390 0.057 0.681 0.049
4 0.500 0.012 0.999 0.022
