2 0.176 0.813 0.266 0.077
2 0.866 0.808 0.269 0.125
2 0.528 0.808 0.298 0.125
2 0.174 0.645 0.296 0.126
2 0.527 0.645 0.297 0.126
2 0.865 0.644 0.270 0.126
0 0.101 0.992 0.060 0.014
0 0.301 0.991 0.078 0.011
0 0.500 0.990 0.085 0.012
0 0.699 0.991 0.106 0.011
0 0.899 0.990 0.070 0.011
1 0.900 0.958 0.033 0.030
2 0.699 0.959 0.053 0.030
2 0.501 0.959 0.060 0.034
1 0.301 0.958 0.048 0.029
1 0.100 0.960 0.064 0.026
0 0.968 0.167 0.064 0.014
0 0.786 0.169 0.101 0.016
0 0.527 0.169 0.213 0.016
0 0.291 0.168 0.059 0.013
2 0.895 0.087 0.110 0.062
1 0.767 0.087 0.045 0.029
1 0.658 0.086 0.043 0.025
2 0.240 0.084 0.362 0.075
0 0.107 0.169 0.113 0.016
0 0.112 0.228 0.139 0.013
0 0.394 0.256 0.707 0.023
2 0.501 0.411 0.923 0.263
4 0.500 0.011 0.999 0.022
