0 0.501 0.060 0.103 0.021
0 0.149 0.059 0.150 0.023
0 0.242 0.119 0.386 0.014
0 0.235 0.169 0.154 0.018
0 0.798 0.171 0.218 0.023
0 0.273 0.224 0.234 0.019
0 0.373 0.252 0.433 0.016
0 0.273 0.300 0.229 0.019
0 0.212 0.328 0.108 0.013
0 0.386 0.386 0.456 0.023
0 0.273 0.443 0.232 0.019
0 0.421 0.504 0.742 0.036
0 0.324 0.577 0.548 0.014
0 0.114 0.630 0.126 0.023
0 0.122 0.689 0.142 0.023
0 0.112 0.747 0.123 0.018
0 0.478 0.809 0.856 0.039
0 0.238 0.895 0.371 0.023
0 0.112 0.953 0.124 0.019
1 0.047 0.058 0.031 0.029
1 0.942 0.168 0.020 0.019
1 0.942 0.237 0.020 0.018
1 0.942 0.315 0.020 0.018
1 0.085 0.168 0.071 0.040
2 0.085 0.236 0.071 0.040
2 0.085 0.313 0.071 0.040
1 0.084 0.383 0.071 0.040
2 0.084 0.442 0.071 0.040
1 0.933 0.627 0.032 0.014
1 0.942 0.892 0.020 0.019
1 0.942 0.952 0.020 0.019
4 0.500 0.011 0.999 0.022
