2 0.980 0.852 0.039 0.158
2 0.980 0.586 0.039 0.159
2 0.980 0.320 0.039 0.159
0 0.892 0.739 0.142 0.017
0 0.891 0.472 0.140 0.017
0 0.891 0.206 0.140 0.016
0 0.193 0.108 0.304 0.032
0 0.130 0.209 0.180 0.012
0 0.116 0.475 0.149 0.011
0 0.133 0.741 0.188 0.012
0 0.101 0.987 0.072 0.012
0 0.301 0.987 0.069 0.013
0 0.500 0.988 0.073 0.012
0 0.700 0.987 0.043 0.013
0 0.900 0.988 0.075 0.012
2 0.899 0.958 0.074 0.031
1 0.699 0.957 0.060 0.034
2 0.500 0.959 0.052 0.036
1 0.300 0.962 0.064 0.024
1 0.100 0.959 0.057 0.031
2 0.711 0.852 0.424 0.159
2 0.251 0.852 0.424 0.159
2 0.250 0.586 0.425 0.159
2 0.712 0.586 0.424 0.159
2 0.711 0.320 0.424 0.158
2 0.251 0.320 0.424 0.159
4 0.500 0.011 0.999 0.022
