0 0.101 0.953 0.082 0.010
0 0.301 0.953 0.119 0.010
0 0.500 0.953 0.111 0.009
0 0.698 0.953 0.075 0.009
0 0.900 0.953 0.109 0.009
1 0.899 0.927 0.037 0.018
1 0.699 0.927 0.058 0.019
1 0.100 0.927 0.050 0.018
1 0.300 0.927 0.039 0.018
1 0.068 0.643 0.049 0.022
1 0.068 0.571 0.059 0.027
1 0.068 0.357 0.054 0.025
1 0.068 0.429 0.055 0.025
1 0.068 0.500 0.036 0.020
1 0.930 0.643 0.024 0.020
1 0.930 0.571 0.024 0.020
1 0.930 0.500 0.024 0.020
1 0.930 0.429 0.024 0.020
1 0.930 0.357 0.024 0.020
4 0.514 0.025 0.867 0.014
1 0.395 0.074 0.049 0.016
0 0.500 0.175 0.558 0.016
0 0.199 0.356 0.126 0.017
0 0.281 0.427 0.284 0.017
0 0.262 0.499 0.246 0.017
0 0.500 0.715 0.217 0.010
3 0.500 0.233 0.386 0.049
0 0.506 0.075 0.129 0.019
0 0.390 0.570 0.503 0.018
0 0.256 0.642 0.239 0.017
1 0.500 0.927 0.049 0.015
2 0.500 0.210 0.999 0.223
