0 0.249 0.318 0.398 0.022
0 0.132 0.382 0.163 0.018
0 0.114 0.449 0.130 0.021
0 0.107 0.514 0.114 0.022
0 0.155 0.579 0.209 0.021
0 0.147 0.645 0.195 0.021
0 0.157 0.710 0.214 0.022
0 0.150 0.775 0.200 0.022
0 0.306 0.840 0.513 0.022
0 0.237 0.905 0.374 0.022
0 0.236 0.970 0.371 0.021
1 0.065 0.057 0.030 0.029
0 0.263 0.186 0.384 0.014
2 0.733 0.182 0.463 0.136
1 0.940 0.969 0.021 0.019
1 0.940 0.904 0.021 0.019
1 0.941 0.839 0.020 0.020
1 0.941 0.774 0.022 0.019
1 0.941 0.708 0.021 0.020
1 0.940 0.643 0.021 0.020
1 0.940 0.578 0.021 0.019
1 0.940 0.513 0.021 0.020
1 0.941 0.447 0.020 0.020
1 0.940 0.382 0.021 0.020
1 0.940 0.317 0.021 0.020
4 0.500 0.011 0.999 0.022
