0 0.523 0.057 0.101 0.017
2 0.831 0.269 0.126 0.178
2 0.829 0.471 0.130 0.176
2 0.818 0.672 0.213 0.179
2 0.857 0.859 0.208 0.149
0 0.101 0.966 0.048 0.027
1 0.300 0.966 0.069 0.027
1 0.499 0.966 0.050 0.028
1 0.699 0.966 0.050 0.025
1 0.899 0.966 0.050 0.028
0 0.205 0.875 0.255 0.016
0 0.141 0.673 0.125 0.016
0 0.177 0.471 0.196 0.016
0 0.151 0.269 0.143 0.015
0 0.267 0.124 0.142 0.014
0 0.730 0.125 0.075 0.014
2 0.928 0.057 0.053 0.023
1 0.442 0.057 0.035 0.020
5 0.500 0.057 0.961 0.044
4 0.500 0.011 0.999 0.022
