0 0.266 0.059 0.330 0.017
2 0.166 0.180 0.331 0.184
2 0.500 0.180 0.331 0.184
2 0.835 0.180 0.331 0.184
2 0.835 0.366 0.331 0.186
2 0.500 0.366 0.331 0.186
2 0.500 0.553 0.331 0.186
2 0.835 0.553 0.331 0.186
2 0.835 0.741 0.331 0.186
2 0.500 0.741 0.331 0.186
2 0.835 0.884 0.331 0.098
2 0.500 0.884 0.331 0.098
2 0.166 0.884 0.331 0.098
2 0.166 0.741 0.331 0.186
2 0.166 0.553 0.331 0.186
2 0.166 0.366 0.331 0.186
1 0.923 0.057 0.059 0.033
1 0.066 0.057 0.030 0.017
1 0.901 0.967 0.048 0.031
1 0.700 0.968 0.055 0.025
1 0.499 0.968 0.056 0.028
1 0.302 0.967 0.056 0.032
1 0.101 0.968 0.054 0.029
5 0.431 0.058 0.802 0.043
4 0.500 0.011 0.999 0.022
