1 0.101 0.963 0.060 0.035
1 0.302 0.962 0.061 0.032
1 0.500 0.963 0.057 0.030
1 0.698 0.963 0.069 0.033
1 0.899 0.962 0.060 0.022
3 0.855 0.481 0.155 0.049
3 0.855 0.609 0.155 0.049
0 0.286 0.583 0.109 0.017
0 0.483 0.623 0.505 0.039
0 0.459 0.497 0.457 0.043
0 0.275 0.456 0.087 0.017
3 0.855 0.341 0.155 0.049
0 0.460 0.355 0.459 0.064
0 0.287 0.303 0.111 0.017
2 0.133 0.609 0.155 0.087
2 0.132 0.481 0.111 0.066
2 0.133 0.341 0.153 0.086
2 0.133 0.176 0.154 0.087
3 0.855 0.176 0.155 0.049
0 0.489 0.190 0.515 0.090
0 0.279 0.126 0.097 0.017
0 0.500 0.059 0.225 0.024
1 0.079 0.057 0.030 0.028
4 0.500 0.011 0.999 0.022
