0 0.371 0.075 0.374 0.019
0 0.238 0.410 0.358 0.060
0 0.667 0.409 0.306 0.061
0 0.176 0.460 0.232 0.020
0 0.632 0.460 0.231 0.021
0 0.679 0.485 0.048 0.013
0 0.221 0.485 0.043 0.013
0 0.197 0.704 0.277 0.011
0 0.705 0.704 0.379 0.011
0 0.685 0.739 0.336 0.039
0 0.218 0.741 0.317 0.044
0 0.632 0.779 0.231 0.021
0 0.176 0.780 0.232 0.020
0 0.223 0.804 0.048 0.013
0 0.680 0.804 0.048 0.013
0 0.100 0.981 0.105 0.011
0 0.300 0.981 0.078 0.011
0 0.500 0.982 0.065 0.011
0 0.700 0.982 0.075 0.011
0 0.900 0.982 0.095 0.011
1 0.122 0.074 0.023 0.023
1 0.448 0.228 0.040 0.020
1 0.904 0.228 0.041 0.020
1 0.447 0.548 0.041 0.021
1 0.904 0.548 0.041 0.020
1 0.101 0.950 0.052 0.032
1 0.301 0.950 0.059 0.029
1 0.500 0.950 0.052 0.032
1 0.700 0.949 0.054 0.030
1 0.901 0.950 0.059 0.034
3 0.132 0.147 0.151 0.044
3 0.315 0.147 0.169 0.044
1 0.580 0.483 0.131 0.014
1 0.124 0.483 0.131 0.014
1 0.124 0.803 0.132 0.014
1 0.580 0.803 0.131 0.014
3 0.500 0.880 0.884 0.066
2 0.729 0.608 0.428 0.161
2 0.272 0.608 0.428 0.161
2 0.272 0.288 0.429 0.161
2 0.729 0.289 0.428 0.161
5 0.500 0.074 0.886 0.066
4 0.500 0.011 0.999 0.022
