0 0.366 0.711 0.549 0.015
0 0.300 0.690 0.417 0.015
0 0.217 0.617 0.283 0.012
4 0.500 0.011 0.999 0.022
1 0.067 0.057 0.037 0.034
0 0.501 0.054 0.233 0.026
0 0.500 0.158 0.904 0.027
0 0.151 0.197 0.156 0.014
0 0.617 0.197 0.153 0.014
0 0.613 0.240 0.141 0.013
0 0.147 0.240 0.144 0.012
0 0.111 0.300 0.076 0.014
0 0.190 0.344 0.231 0.015
0 0.117 0.402 0.089 0.014
0 0.169 0.446 0.188 0.012
7 0.468 0.525 0.866 0.042
0 0.516 0.525 0.770 0.042
0 0.139 0.575 0.134 0.014
5 0.492 0.618 0.915 0.060
0 0.860 0.618 0.076 0.014
0 0.201 0.668 0.218 0.013
7 0.465 0.838 0.841 0.041
0 0.514 0.838 0.742 0.041
3 0.500 0.966 0.999 0.068
5 0.258 0.241 0.448 0.060
5 0.725 0.240 0.448 0.060
5 0.492 0.343 0.915 0.060
5 0.492 0.446 0.915 0.060
