0 0.120 0.072 0.087 0.018
1 0.769 0.073 0.035 0.019
4 0.500 0.011 0.999 0.021
0 0.901 0.072 0.118 0.017
0 0.170 0.510 0.081 0.019
0 0.401 0.509 0.119 0.017
0 0.652 0.510 0.084 0.019
0 0.882 0.510 0.119 0.017
0 0.194 0.578 0.314 0.050
0 0.711 0.594 0.386 0.083
0 0.256 0.630 0.241 0.014
0 0.248 0.656 0.225 0.014
0 0.711 0.662 0.189 0.015
0 0.729 0.689 0.224 0.015
0 0.100 0.991 0.068 0.014
0 0.300 0.989 0.077 0.011
0 0.499 0.989 0.076 0.012
0 0.698 0.991 0.106 0.014
0 0.900 0.989 0.070 0.012
5 0.421 0.072 0.768 0.068
3 0.260 0.159 0.446 0.043
3 0.741 0.159 0.445 0.043
1 0.090 0.510 0.052 0.026
1 0.571 0.510 0.052 0.026
1 0.100 0.957 0.063 0.034
1 0.300 0.956 0.060 0.030
1 0.499 0.957 0.062 0.035
1 0.700 0.957 0.049 0.035
1 0.899 0.958 0.048 0.034
2 0.260 0.369 0.445 0.334
2 0.741 0.369 0.446 0.334
2 0.075 0.644 0.078 0.044
2 0.557 0.677 0.078 0.044
2 0.259 0.829 0.446 0.208
2 0.741 0.829 0.446 0.208
