1 0.769 0.073 0.035 0.019
0 0.120 0.072 0.088 0.018
4 0.500 0.011 0.999 0.021
0 0.901 0.072 0.118 0.017
0 0.171 0.516 0.082 0.019
0 0.401 0.515 0.120 0.017
0 0.659 0.515 0.099 0.017
0 0.882 0.515 0.119 0.016
0 0.249 0.601 0.423 0.083
0 0.729 0.570 0.419 0.024
0 0.654 0.603 0.079 0.014
0 0.729 0.629 0.224 0.015
0 0.256 0.669 0.241 0.015
0 0.248 0.695 0.225 0.015
0 0.101 0.991 0.068 0.014
0 0.300 0.989 0.077 0.011
0 0.500 0.989 0.076 0.011
0 0.698 0.991 0.106 0.014
0 0.900 0.989 0.070 0.011
3 0.260 0.159 0.447 0.044
3 0.742 0.159 0.446 0.044
1 0.091 0.517 0.052 0.026
1 0.571 0.516 0.052 0.025
1 0.100 0.957 0.063 0.034
1 0.300 0.956 0.060 0.030
1 0.499 0.957 0.062 0.035
1 0.700 0.957 0.049 0.035
1 0.899 0.958 0.049 0.034
5 0.421 0.072 0.768 0.068
2 0.259 0.375 0.446 0.334
2 0.741 0.375 0.446 0.334
2 0.076 0.683 0.079 0.044
2 0.557 0.618 0.078 0.044
2 0.259 0.832 0.446 0.203
2 0.740 0.832 0.445 0.202
