3 0.731 0.120 0.466 0.047
3 0.267 0.120 0.462 0.047
0 0.500 0.057 0.229 0.019
0 0.502 0.188 0.853 0.028
0 0.500 0.282 0.899 0.094
0 0.420 0.471 0.161 0.018
0 0.628 0.538 0.579 0.073
0 0.376 0.639 0.072 0.017
0 0.635 0.719 0.591 0.096
0 0.408 0.818 0.138 0.018
0 0.617 0.887 0.558 0.073
0 0.101 0.991 0.068 0.010
0 0.300 0.990 0.079 0.011
0 0.500 0.990 0.072 0.011
0 0.699 0.990 0.056 0.012
0 0.899 0.991 0.058 0.010
3 0.500 0.388 0.267 0.055
2 0.170 0.524 0.238 0.134
2 0.170 0.690 0.235 0.130
2 0.170 0.869 0.235 0.128
2 0.101 0.959 0.047 0.037
1 0.300 0.958 0.048 0.035
2 0.499 0.960 0.063 0.034
1 0.700 0.959 0.058 0.035
1 0.900 0.959 0.061 0.024
4 0.500 0.011 0.999 0.022
