1 0.055 0.047 0.038 0.021
0 0.917 0.053 0.092 0.014
0 0.185 0.129 0.267 0.021
0 0.491 0.127 0.146 0.018
0 0.785 0.129 0.242 0.021
7 0.502 0.200 0.920 0.031
0 0.191 0.203 0.298 0.021
7 0.502 0.268 0.919 0.031
0 0.115 0.271 0.145 0.022
7 0.502 0.336 0.920 0.030
0 0.186 0.339 0.289 0.020
7 0.502 0.404 0.921 0.031
0 0.136 0.407 0.190 0.022
7 0.502 0.472 0.920 0.030
0 0.132 0.473 0.180 0.016
7 0.502 0.540 0.920 0.030
0 0.144 0.541 0.204 0.017
7 0.502 0.608 0.920 0.031
0 0.107 0.611 0.130 0.020
7 0.502 0.676 0.920 0.030
0 0.185 0.677 0.287 0.017
0 0.488 0.771 0.366 0.016
