0 0.200 0.319 0.301 0.021
0 0.131 0.382 0.163 0.018
0 0.118 0.447 0.136 0.018
0 0.113 0.512 0.128 0.018
0 0.112 0.578 0.123 0.018
0 0.136 0.643 0.171 0.018
0 0.126 0.709 0.150 0.021
0 0.121 0.773 0.142 0.018
0 0.136 0.840 0.171 0.021
0 0.174 0.905 0.249 0.021
1 0.941 0.904 0.020 0.019
1 0.940 0.839 0.021 0.019
1 0.941 0.774 0.020 0.020
1 0.940 0.708 0.021 0.020
1 0.941 0.643 0.020 0.019
1 0.940 0.578 0.021 0.020
1 0.940 0.513 0.021 0.020
1 0.941 0.448 0.020 0.020
1 0.940 0.382 0.021 0.019
1 0.940 0.317 0.021 0.019
1 0.065 0.057 0.030 0.029
0 0.264 0.186 0.262 0.013
2 0.733 0.183 0.463 0.136
4 0.500 0.011 0.999 0.022
