0 0.410 0.059 0.356 0.020
0 0.355 0.121 0.351 0.019
0 0.841 0.121 0.213 0.019
0 0.750 0.310 0.407 0.062
0 0.760 0.358 0.118 0.016
0 0.621 0.387 0.148 0.017
0 0.714 0.419 0.331 0.015
0 0.777 0.484 0.344 0.057
0 0.674 0.530 0.154 0.013
0 0.747 0.677 0.401 0.062
0 0.757 0.728 0.110 0.015
0 0.619 0.757 0.145 0.017
0 0.714 0.789 0.331 0.015
0 0.777 0.854 0.344 0.057
0 0.674 0.900 0.153 0.013
1 0.565 0.899 0.040 0.018
2 0.565 0.854 0.032 0.016
2 0.565 0.834 0.041 0.014
1 0.623 0.727 0.143 0.016
2 0.273 0.823 0.259 0.120
2 0.274 0.702 0.343 0.104
1 0.566 0.529 0.039 0.018
2 0.565 0.483 0.032 0.016
2 0.565 0.464 0.041 0.014
1 0.623 0.357 0.143 0.016
1 0.942 0.187 0.027 0.009
1 0.623 0.187 0.027 0.009
1 0.384 0.187 0.027 0.009
1 0.066 0.054 0.055 0.025
1 0.739 0.057 0.045 0.024
1 0.833 0.058 0.050 0.027
1 0.928 0.058 0.055 0.029
3 0.118 0.186 0.187 0.044
3 0.325 0.186 0.206 0.044
3 0.553 0.187 0.227 0.044
3 0.832 0.186 0.308 0.044
2 0.274 0.405 0.508 0.121
4 0.500 0.011 0.999 0.022
