2 0.754 0.793 0.213 0.279
2 0.246 0.793 0.213 0.279
1 0.414 0.666 0.050 0.026
1 0.921 0.666 0.050 0.026
0 0.754 0.582 0.077 0.015
0 0.753 0.560 0.080 0.013
0 0.754 0.541 0.240 0.017
0 0.754 0.517 0.185 0.015
1 0.921 0.177 0.050 0.026
2 0.755 0.330 0.282 0.330
0 0.246 0.582 0.077 0.015
0 0.246 0.560 0.097 0.013
0 0.246 0.541 0.240 0.017
0 0.247 0.519 0.165 0.019
1 0.414 0.177 0.050 0.026
2 0.247 0.329 0.284 0.329
0 0.845 0.114 0.087 0.014
0 0.167 0.114 0.081 0.014
0 0.512 0.114 0.114 0.014
1 0.813 0.058 0.045 0.025
0 0.499 0.058 0.127 0.015
1 0.071 0.057 0.046 0.017
0 0.903 0.057 0.046 0.026
1 0.900 0.959 0.060 0.034
1 0.698 0.959 0.041 0.033
1 0.499 0.959 0.059 0.030
1 0.300 0.959 0.057 0.033
1 0.100 0.959 0.059 0.030
0 0.899 0.990 0.095 0.013
0 0.698 0.991 0.088 0.013
0 0.499 0.989 0.136 0.010
0 0.300 0.991 0.059 0.013
0 0.100 0.990 0.067 0.010
4 0.500 0.011 0.999 0.021
