1 0.928 0.595 0.026 0.014
0 0.183 0.597 0.111 0.019
7 0.143 0.596 0.190 0.023
1 0.928 0.536 0.026 0.015
0 0.161 0.535 0.068 0.016
7 0.122 0.536 0.147 0.022
1 0.928 0.476 0.026 0.014
0 0.174 0.476 0.094 0.015
7 0.136 0.476 0.173 0.022
1 0.928 0.416 0.026 0.014
0 0.149 0.416 0.049 0.015
7 0.112 0.416 0.127 0.023
1 0.928 0.356 0.026 0.014
0 0.196 0.356 0.141 0.016
7 0.158 0.356 0.219 0.022
1 0.928 0.297 0.026 0.014
0 0.188 0.298 0.124 0.019
7 0.149 0.297 0.202 0.023
1 0.928 0.237 0.026 0.014
0 0.160 0.237 0.066 0.015
7 0.122 0.237 0.145 0.023
1 0.928 0.177 0.026 0.014
0 0.818 0.177 0.137 0.010
3 0.850 0.177 0.242 0.038
0 0.186 0.177 0.121 0.015
7 0.147 0.177 0.198 0.022
0 0.113 0.119 0.149 0.019
1 0.072 0.057 0.046 0.017
0 0.896 0.058 0.110 0.016
1 0.900 0.959 0.060 0.034
1 0.698 0.959 0.041 0.033
1 0.500 0.959 0.059 0.031
1 0.301 0.959 0.057 0.033
1 0.101 0.959 0.059 0.031
0 0.899 0.991 0.095 0.013
0 0.698 0.991 0.088 0.013
0 0.499 0.990 0.135 0.011
0 0.301 0.991 0.059 0.013
0 0.101 0.990 0.067 0.010
4 0.500 0.011 0.999 0.021
