3 0.761 0.944 0.362 0.069
0 0.587 0.878 0.152 0.010
1 0.070 0.959 0.022 0.012
0 0.184 0.960 0.062 0.015
0 0.117 0.959 0.056 0.011
0 0.160 0.929 0.200 0.021
0 0.136 0.879 0.152 0.010
1 0.452 0.721 0.039 0.020
1 0.904 0.720 0.039 0.020
2 0.726 0.781 0.432 0.162
2 0.274 0.781 0.432 0.162
0 0.329 0.649 0.538 0.032
1 0.753 0.552 0.026 0.014
0 0.886 0.553 0.071 0.018
0 0.806 0.553 0.064 0.014
0 0.836 0.522 0.190 0.023
0 0.870 0.488 0.259 0.017
0 0.831 0.457 0.179 0.015
1 0.072 0.552 0.026 0.014
0 0.210 0.553 0.077 0.018
0 0.126 0.552 0.064 0.014
0 0.155 0.522 0.188 0.023
0 0.410 0.490 0.560 0.021
1 0.110 0.488 0.037 0.021
2 0.074 0.488 0.030 0.016
0 0.192 0.459 0.262 0.019
2 0.870 0.308 0.261 0.240
2 0.380 0.308 0.642 0.241
0 0.401 0.137 0.677 0.032
1 0.072 0.057 0.023 0.022
1 0.793 0.057 0.036 0.022
1 0.923 0.057 0.039 0.019
4 0.500 0.011 0.999 0.021
