0 0.265 0.059 0.331 0.017
2 0.835 0.307 0.331 0.186
2 0.500 0.307 0.331 0.186
2 0.835 0.494 0.331 0.186
2 0.500 0.494 0.331 0.186
2 0.500 0.681 0.331 0.186
2 0.835 0.681 0.331 0.186
2 0.835 0.854 0.331 0.157
2 0.500 0.854 0.331 0.157
2 0.166 0.854 0.331 0.157
2 0.166 0.681 0.331 0.186
2 0.166 0.494 0.331 0.186
2 0.166 0.307 0.331 0.186
1 0.066 0.057 0.030 0.017
5 0.431 0.057 0.802 0.044
3 0.903 0.124 0.194 0.041
3 0.678 0.124 0.231 0.041
3 0.407 0.124 0.280 0.041
3 0.141 0.124 0.225 0.041
1 0.923 0.058 0.059 0.033
0 0.218 0.185 0.375 0.015
1 0.901 0.968 0.048 0.031
1 0.700 0.968 0.055 0.025
1 0.499 0.968 0.056 0.028
1 0.302 0.967 0.057 0.032
1 0.101 0.968 0.054 0.028
4 0.500 0.011 0.999 0.022
