0 0.366 0.065 0.280 0.015
0 0.837 0.135 0.146 0.014
0 0.163 0.136 0.136 0.018
0 0.111 0.885 0.142 0.014
0 0.655 0.915 0.267 0.015
0 0.499 0.136 0.205 0.018
1 0.192 0.066 0.036 0.020
1 0.532 0.555 0.019 0.015
1 0.052 0.555 0.018 0.015
1 0.686 0.555 0.024 0.014
1 0.206 0.555 0.024 0.014
0 0.106 0.555 0.069 0.011
0 0.265 0.555 0.074 0.010
0 0.745 0.555 0.075 0.011
0 0.590 0.555 0.076 0.011
0 0.663 0.502 0.282 0.016
0 0.248 0.502 0.416 0.015
0 0.193 0.472 0.307 0.014
0 0.688 0.472 0.334 0.014
0 0.644 0.885 0.245 0.013
0 0.246 0.915 0.412 0.015
0 0.101 0.991 0.070 0.013
0 0.302 0.991 0.080 0.013
0 0.500 0.990 0.101 0.010
0 0.698 0.990 0.123 0.011
0 0.900 0.990 0.035 0.010
1 0.699 0.960 0.058 0.027
2 0.300 0.960 0.039 0.029
1 0.101 0.960 0.058 0.027
2 0.260 0.323 0.442 0.249
2 0.740 0.323 0.442 0.249
2 0.740 0.735 0.442 0.249
2 0.260 0.735 0.442 0.249
1 0.899 0.960 0.058 0.033
1 0.500 0.960 0.059 0.033
1 0.078 0.065 0.056 0.029
5 0.554 0.066 0.796 0.049
4 0.501 0.011 0.998 0.021
