1 0.047 0.058 0.031 0.029
0 0.113 0.058 0.076 0.017
0 0.501 0.060 0.235 0.021
0 0.906 0.059 0.092 0.018
0 0.256 0.118 0.409 0.019
7 0.503 0.163 0.903 0.028
0 0.157 0.165 0.211 0.022
7 0.503 0.219 0.903 0.028
0 0.111 0.221 0.119 0.017
7 0.503 0.277 0.903 0.029
0 0.184 0.280 0.265 0.023
7 0.502 0.334 0.906 0.029
0 0.180 0.337 0.262 0.023
7 0.503 0.390 0.903 0.028
0 0.086 0.391 0.069 0.017
0 0.141 0.441 0.186 0.017
0 0.186 0.533 0.268 0.022
7 0.502 0.574 0.905 0.028
0 0.195 0.577 0.290 0.023
7 0.504 0.631 0.903 0.028
0 0.103 0.632 0.101 0.016
7 0.502 0.688 0.906 0.028
0 0.101 0.689 0.105 0.017
7 0.502 0.745 0.906 0.028
0 0.143 0.746 0.188 0.017
7 0.502 0.803 0.905 0.029
0 0.114 0.806 0.128 0.022
3 0.500 0.882 0.906 0.077
1 0.101 0.959 0.055 0.029
1 0.899 0.959 0.050 0.028
1 0.300 0.959 0.050 0.024
1 0.500 0.960 0.049 0.024
1 0.699 0.960 0.050 0.021
0 0.700 0.985 0.065 0.013
0 0.301 0.985 0.084 0.013
0 0.500 0.987 0.060 0.016
0 0.899 0.985 0.103 0.012
0 0.101 0.986 0.072 0.012
4 0.500 0.011 0.999 0.022
