0 0.238 0.119 0.296 0.019
2 0.829 0.435 0.137 0.077
2 0.594 0.436 0.137 0.077
2 0.360 0.435 0.137 0.077
2 0.126 0.436 0.137 0.077
2 0.500 0.058 0.218 0.017
0 0.124 0.271 0.200 0.017
0 0.360 0.272 0.131 0.013
0 0.594 0.272 0.163 0.016
0 0.828 0.273 0.190 0.016
0 0.987 0.260 0.025 0.014
0 0.202 0.346 0.329 0.015
0 0.125 0.500 0.166 0.013
0 0.360 0.500 0.152 0.034
0 0.594 0.500 0.093 0.013
0 0.829 0.501 0.170 0.016
0 0.159 0.574 0.239 0.015
0 0.622 0.642 0.486 0.043
0 0.459 0.699 0.159 0.015
0 0.602 0.816 0.447 0.042
0 0.459 0.873 0.159 0.015
0 0.116 0.986 0.067 0.010
0 0.308 0.986 0.120 0.011
0 0.500 0.986 0.080 0.010
0 0.692 0.986 0.050 0.011
0 0.884 0.986 0.097 0.010
1 0.116 0.962 0.043 0.024
1 0.308 0.962 0.043 0.023
1 0.500 0.962 0.043 0.024
1 0.709 0.959 0.071 0.030
1 0.885 0.962 0.041 0.023
1 0.945 0.798 0.041 0.021
1 0.944 0.624 0.042 0.021
1 0.073 0.057 0.042 0.020
1 0.055 0.117 0.032 0.018
2 0.125 0.207 0.136 0.077
2 0.360 0.207 0.136 0.077
2 0.595 0.207 0.136 0.077
2 0.829 0.207 0.136 0.077
2 0.189 0.685 0.020 0.155
2 0.188 0.859 0.113 0.127
3 0.483 0.901 0.211 0.033
3 0.483 0.728 0.211 0.033
5 0.501 0.118 0.961 0.038
4 0.500 0.011 0.999 0.022
