4 0.500 0.011 0.999 0.022
1 0.068 0.057 0.035 0.020
0 0.500 0.057 0.337 0.017
0 0.190 0.114 0.295 0.023
5 0.500 0.195 0.923 0.033
0 0.126 0.187 0.167 0.015
5 0.501 0.277 0.923 0.033
0 0.124 0.269 0.163 0.015
0 0.133 0.368 0.184 0.029
5 0.500 0.445 0.924 0.034
0 0.085 0.436 0.085 0.016
5 0.501 0.526 0.923 0.035
1 0.933 0.519 0.056 0.022
0 0.117 0.519 0.150 0.016
0 0.332 0.626 0.586 0.021
1 0.674 0.623 0.030 0.010
0 0.276 0.713 0.466 0.023
7 0.401 0.788 0.645 0.032
0 0.454 0.789 0.540 0.019
0 0.529 0.841 0.687 0.042
7 0.318 0.911 0.478 0.032
0 0.372 0.912 0.370 0.022
0 0.502 0.965 0.634 0.046
