1 0.946 0.041 0.029 0.017
0 0.917 0.041 0.015 0.011
0 0.071 0.498 0.089 0.016
0 0.573 0.498 0.092 0.016
1 0.051 0.060 0.041 0.022
0 0.912 0.065 0.096 0.018
1 0.451 0.272 0.051 0.028
1 0.953 0.272 0.051 0.028
1 0.452 0.692 0.050 0.028
1 0.952 0.692 0.051 0.028
1 0.101 0.959 0.045 0.025
1 0.301 0.959 0.050 0.024
1 0.499 0.959 0.045 0.025
1 0.698 0.959 0.048 0.027
1 0.899 0.959 0.050 0.028
0 0.140 0.121 0.268 0.018
0 0.500 0.120 0.304 0.016
0 0.812 0.120 0.172 0.015
0 0.987 0.120 0.027 0.015
0 0.097 0.208 0.161 0.018
0 0.836 0.209 0.231 0.020
0 0.226 0.536 0.401 0.038
0 0.726 0.547 0.399 0.060
0 0.069 0.918 0.085 0.016
0 0.573 0.918 0.091 0.016
0 0.101 0.991 0.068 0.011
0 0.301 0.990 0.107 0.011
0 0.500 0.992 0.154 0.013
0 0.698 0.991 0.081 0.011
0 0.899 0.991 0.097 0.011
0 0.498 0.058 0.319 0.022
2 0.250 0.354 0.316 0.108
2 0.750 0.352 0.224 0.172
2 0.250 0.774 0.164 0.178
2 0.750 0.771 0.226 0.168
3 0.389 0.630 0.147 0.042
3 0.890 0.630 0.147 0.042
4 0.500 0.011 0.999 0.022
