0 0.145 0.126 0.210 0.024
0 0.789 0.368 0.196 0.015
0 0.213 0.367 0.093 0.017
0 0.212 0.411 0.220 0.043
0 0.790 0.411 0.192 0.017
0 0.212 0.672 0.178 0.015
0 0.212 0.701 0.187 0.017
0 0.790 0.671 0.093 0.017
0 0.789 0.702 0.224 0.016
0 0.789 0.993 0.181 0.014
3 0.500 0.956 0.952 0.060
1 0.078 0.057 0.040 0.023
1 0.662 0.057 0.055 0.030
1 0.792 0.057 0.050 0.025
1 0.923 0.058 0.045 0.021
1 0.916 0.123 0.088 0.050
2 0.788 0.251 0.304 0.171
2 0.212 0.251 0.304 0.171
2 0.213 0.555 0.306 0.172
2 0.789 0.555 0.304 0.171
2 0.789 0.832 0.304 0.171
2 0.212 0.831 0.304 0.171
4 0.500 0.011 0.999 0.022
