0 0.501 0.046 0.315 0.018
0 0.501 0.073 0.378 0.017
0 0.242 0.490 0.408 0.023
0 0.893 0.418 0.056 0.015
0 0.107 0.516 0.138 0.015
0 0.438 0.582 0.800 0.018
0 0.315 0.642 0.553 0.019
0 0.103 0.671 0.125 0.017
0 0.163 0.834 0.244 0.017
0 0.285 0.888 0.328 0.018
0 0.521 0.948 0.803 0.073
1 0.046 0.058 0.031 0.029
1 0.929 0.057 0.048 0.038
2 0.500 0.274 0.999 0.375
3 0.204 0.548 0.336 0.036
3 0.132 0.608 0.192 0.026
1 0.219 0.514 0.065 0.020
3 0.500 0.736 0.928 0.071
1 0.621 0.639 0.035 0.020
1 0.060 0.890 0.031 0.012
4 0.500 0.011 0.999 0.022
