0 0.183 0.215 0.291 0.018
0 0.250 0.116 0.171 0.014
5 0.500 0.224 0.928 0.035
3 0.500 0.318 0.927 0.073
0 0.502 0.390 0.480 0.019
0 0.751 0.116 0.217 0.014
1 0.906 0.057 0.051 0.028
1 0.795 0.058 0.050 0.028
0 0.502 0.060 0.143 0.026
0 0.100 0.991 0.056 0.014
0 0.301 0.992 0.089 0.014
0 0.501 0.991 0.103 0.014
0 0.701 0.990 0.128 0.011
0 0.900 0.990 0.053 0.011
1 0.900 0.961 0.080 0.012
1 0.699 0.961 0.068 0.033
1 0.500 0.962 0.067 0.038
1 0.288 0.962 0.086 0.038
1 0.100 0.961 0.057 0.041
4 0.500 0.011 0.999 0.022
