1 0.566 0.888 0.039 0.018
0 0.409 0.059 0.270 0.020
0 0.355 0.121 0.352 0.019
0 0.841 0.121 0.214 0.018
0 0.750 0.319 0.407 0.065
0 0.749 0.369 0.096 0.016
0 0.624 0.394 0.155 0.013
0 0.613 0.415 0.132 0.015
0 0.753 0.480 0.297 0.057
0 0.674 0.526 0.154 0.013
0 0.759 0.684 0.427 0.062
0 0.744 0.732 0.085 0.016
0 0.624 0.758 0.157 0.012
0 0.611 0.779 0.128 0.015
0 0.753 0.844 0.297 0.056
0 0.674 0.890 0.154 0.013
3 0.500 0.955 0.233 0.047
2 0.565 0.843 0.043 0.015
2 0.565 0.823 0.041 0.014
1 0.623 0.731 0.143 0.016
1 0.566 0.525 0.039 0.018
2 0.565 0.480 0.043 0.015
2 0.565 0.459 0.041 0.014
1 0.623 0.368 0.143 0.017
1 0.822 0.187 0.027 0.009
1 0.593 0.187 0.027 0.009
1 0.397 0.187 0.027 0.009
1 0.066 0.054 0.055 0.025
1 0.739 0.057 0.045 0.024
1 0.833 0.058 0.050 0.027
1 0.928 0.058 0.055 0.029
3 0.130 0.186 0.187 0.044
3 0.337 0.186 0.206 0.044
3 0.544 0.186 0.185 0.044
3 0.757 0.186 0.217 0.044
3 0.938 0.186 0.123 0.044
2 0.273 0.405 0.507 0.180
2 0.273 0.772 0.508 0.180
4 0.500 0.011 0.999 0.022
