0 0.359 0.076 0.349 0.021
0 0.100 0.982 0.105 0.010
0 0.301 0.981 0.078 0.011
0 0.500 0.982 0.065 0.010
0 0.700 0.981 0.074 0.011
0 0.901 0.981 0.094 0.011
1 0.900 0.950 0.060 0.033
1 0.700 0.949 0.054 0.030
1 0.500 0.950 0.052 0.032
1 0.301 0.950 0.059 0.029
1 0.101 0.950 0.051 0.031
3 0.500 0.864 0.884 0.066
0 0.473 0.784 0.829 0.071
0 0.209 0.726 0.301 0.012
2 0.500 0.549 0.883 0.304
0 0.433 0.337 0.746 0.051
0 0.337 0.259 0.553 0.064
3 0.380 0.155 0.214 0.058
3 0.153 0.155 0.196 0.058
5 0.501 0.074 0.886 0.066
1 0.123 0.074 0.037 0.021
4 0.500 0.011 0.999 0.021
