1 0.073 0.058 0.024 0.023
0 0.500 0.056 0.289 0.019
0 0.500 0.120 0.147 0.018
0 0.249 0.120 0.156 0.017
0 0.725 0.120 0.101 0.017
0 0.936 0.123 0.127 0.022
0 0.035 0.123 0.068 0.022
0 0.922 0.191 0.116 0.020
7 0.277 0.192 0.481 0.021
0 0.315 0.191 0.405 0.017
0 0.437 0.243 0.648 0.043
0 0.934 0.229 0.094 0.014
7 0.388 0.325 0.705 0.021
0 0.921 0.324 0.117 0.020
0 0.427 0.324 0.626 0.017
0 0.440 0.376 0.651 0.043
0 0.933 0.362 0.094 0.014
7 0.281 0.457 0.490 0.022
0 0.921 0.457 0.117 0.019
0 0.318 0.457 0.411 0.017
0 0.436 0.509 0.648 0.043
0 0.934 0.495 0.094 0.014
0 0.921 0.590 0.117 0.020
7 0.238 0.591 0.403 0.021
0 0.277 0.590 0.325 0.017
0 0.439 0.642 0.651 0.043
0 0.934 0.629 0.094 0.014
0 0.922 0.723 0.116 0.020
0 0.291 0.738 0.357 0.047
7 0.255 0.738 0.436 0.048
0 0.430 0.793 0.634 0.019
0 0.933 0.791 0.095 0.014
0 0.922 0.863 0.116 0.019
0 0.330 0.878 0.431 0.046
7 0.293 0.878 0.511 0.049
0 0.400 0.944 0.578 0.043
0 0.933 0.930 0.094 0.014
4 0.500 0.011 0.999 0.022
