2 0.913 0.957 0.116 0.086
2 0.430 0.961 0.119 0.079
2 0.430 0.833 0.115 0.124
2 0.914 0.833 0.084 0.124
2 0.894 0.710 0.154 0.094
2 0.431 0.697 0.120 0.122
2 0.880 0.482 0.180 0.118
2 0.437 0.480 0.109 0.121
2 0.397 0.360 0.187 0.087
2 0.916 0.353 0.106 0.101
2 0.896 0.217 0.151 0.099
2 0.421 0.219 0.136 0.096
0 0.684 0.923 0.308 0.018
0 0.137 0.939 0.176 0.049
0 0.179 0.788 0.259 0.023
0 0.631 0.800 0.201 0.044
0 0.630 0.649 0.203 0.018
0 0.139 0.649 0.180 0.019
0 0.147 0.447 0.194 0.044
0 0.622 0.449 0.187 0.049
0 0.147 0.311 0.194 0.048
0 0.655 0.311 0.248 0.048
0 0.674 0.161 0.283 0.023
0 0.160 0.172 0.222 0.044
1 0.548 0.870 0.022 0.016
1 0.067 0.733 0.023 0.017
1 0.549 0.733 0.022 0.016
1 0.547 0.517 0.022 0.016
1 0.548 0.243 0.023 0.017
1 0.067 0.380 0.023 0.016
1 0.067 0.243 0.023 0.017
0 0.247 0.605 0.443 0.026
0 0.301 0.114 0.547 0.025
1 0.046 0.058 0.031 0.029
0 0.174 0.057 0.196 0.018
0 0.500 0.059 0.228 0.025
0 0.855 0.057 0.191 0.018
4 0.500 0.011 0.999 0.022
