0 0.302 0.581 0.467 0.021
0 0.154 0.509 0.171 0.018
0 0.115 0.411 0.093 0.018
0 0.416 0.276 0.193 0.017
0 0.417 0.206 0.195 0.018
0 0.852 0.970 0.195 0.014
0 0.153 0.971 0.205 0.018
3 0.500 0.903 0.903 0.068
3 0.500 0.800 0.903 0.068
0 0.500 0.709 0.042 0.014
5 0.500 0.580 0.903 0.055
5 0.500 0.510 0.903 0.054
5 0.500 0.412 0.903 0.055
0 0.212 0.363 0.320 0.021
5 0.626 0.277 0.652 0.055
5 0.626 0.207 0.652 0.055
1 0.160 0.242 0.222 0.125
0 0.197 0.123 0.292 0.043
0 0.119 0.057 0.088 0.018
1 0.046 0.058 0.030 0.029
