0 0.366 0.065 0.280 0.015
0 0.163 0.136 0.136 0.018
0 0.837 0.134 0.146 0.015
0 0.194 0.878 0.307 0.014
0 0.721 0.908 0.401 0.016
0 0.545 0.519 0.046 0.013
0 0.499 0.136 0.205 0.018
1 0.192 0.066 0.036 0.020
1 0.532 0.549 0.019 0.015
1 0.052 0.548 0.018 0.014
1 0.686 0.549 0.024 0.014
1 0.206 0.549 0.024 0.014
0 0.107 0.549 0.072 0.011
0 0.265 0.549 0.075 0.011
0 0.745 0.549 0.075 0.011
0 0.593 0.549 0.085 0.011
0 0.727 0.496 0.411 0.016
0 0.089 0.518 0.097 0.016
0 0.245 0.496 0.407 0.016
0 0.184 0.465 0.286 0.013
0 0.684 0.465 0.325 0.014
0 0.641 0.878 0.241 0.014
0 0.223 0.908 0.362 0.016
0 0.101 0.991 0.070 0.013
0 0.302 0.991 0.080 0.013
0 0.500 0.990 0.101 0.010
0 0.698 0.990 0.123 0.011
0 0.900 0.990 0.035 0.010
1 0.699 0.960 0.058 0.027
2 0.300 0.960 0.039 0.029
1 0.101 0.960 0.058 0.027
2 0.260 0.316 0.442 0.249
2 0.740 0.316 0.442 0.249
2 0.740 0.729 0.442 0.249
2 0.260 0.729 0.442 0.249
1 0.899 0.960 0.058 0.033
1 0.500 0.960 0.059 0.033
1 0.078 0.065 0.056 0.029
5 0.554 0.066 0.796 0.049
4 0.501 0.011 0.998 0.021
