0 0.162 0.318 0.225 0.022
0 0.132 0.382 0.163 0.018
0 0.077 0.447 0.054 0.018
0 0.087 0.512 0.072 0.018
0 0.088 0.577 0.076 0.018
0 0.134 0.643 0.167 0.018
0 0.131 0.708 0.161 0.018
0 0.106 0.775 0.113 0.021
0 0.168 0.838 0.237 0.018
0 0.149 0.903 0.200 0.018
0 0.147 0.969 0.194 0.018
1 0.941 0.969 0.021 0.020
1 0.941 0.904 0.020 0.019
1 0.941 0.839 0.022 0.019
1 0.940 0.774 0.021 0.019
1 0.940 0.709 0.021 0.019
1 0.940 0.643 0.021 0.020
1 0.940 0.578 0.021 0.020
1 0.940 0.513 0.021 0.019
1 0.942 0.447 0.020 0.020
1 0.941 0.382 0.020 0.020
1 0.940 0.317 0.021 0.020
1 0.065 0.057 0.030 0.029
0 0.269 0.186 0.159 0.013
2 0.733 0.183 0.463 0.136
4 0.500 0.011 0.999 0.022
