0 0.501 0.083 0.838 0.108
1 0.922 0.055 0.037 0.021
3 0.500 0.208 0.865 0.054
0 0.500 0.284 0.049 0.015
0 0.217 0.351 0.211 0.014
0 0.184 0.424 0.144 0.015
0 0.192 0.497 0.161 0.015
0 0.191 0.570 0.160 0.015
0 0.201 0.647 0.184 0.015
0 0.212 0.718 0.200 0.015
1 0.903 0.719 0.024 0.010
7 0.500 0.789 0.713 0.030
0 0.540 0.789 0.630 0.016
0 0.500 0.858 0.800 0.037
3 0.500 0.945 0.864 0.054
5 0.500 0.719 0.865 0.055
5 0.500 0.645 0.865 0.055
5 0.501 0.572 0.865 0.055
5 0.501 0.498 0.865 0.055
5 0.501 0.425 0.865 0.055
5 0.501 0.352 0.865 0.054
