0 0.250 0.120 0.154 0.022
0 0.101 0.991 0.056 0.014
0 0.301 0.991 0.089 0.014
0 0.501 0.991 0.103 0.014
0 0.701 0.990 0.128 0.011
0 0.900 0.990 0.053 0.011
1 0.900 0.961 0.079 0.012
1 0.693 0.961 0.081 0.033
1 0.500 0.962 0.067 0.038
1 0.300 0.962 0.064 0.039
1 0.100 0.961 0.057 0.041
0 0.342 0.819 0.267 0.022
0 0.521 0.850 0.622 0.022
1 0.104 0.831 0.131 0.074
1 0.105 0.671 0.131 0.074
1 0.105 0.511 0.131 0.074
0 0.322 0.657 0.223 0.017
0 0.496 0.690 0.576 0.021
0 0.369 0.499 0.321 0.021
0 0.516 0.530 0.615 0.021
3 0.501 0.345 0.923 0.074
0 0.499 0.263 0.873 0.047
0 0.501 0.207 0.267 0.020
0 0.750 0.120 0.216 0.022
1 0.906 0.058 0.050 0.028
1 0.794 0.057 0.048 0.027
0 0.501 0.056 0.217 0.022
4 0.500 0.011 0.999 0.022
