4 0.500 0.012 0.999 0.023
1 0.820 0.057 0.033 0.020
1 0.932 0.057 0.035 0.021
2 0.100 0.959 0.056 0.032
2 0.301 0.960 0.055 0.029
2 0.500 0.960 0.055 0.029
1 0.700 0.960 0.055 0.029
1 0.897 0.959 0.044 0.031
0 0.101 0.991 0.068 0.010
0 0.301 0.992 0.118 0.014
0 0.499 0.991 0.060 0.014
0 0.699 0.990 0.095 0.011
0 0.899 0.990 0.081 0.011
0 0.146 0.926 0.136 0.014
0 0.117 0.740 0.078 0.017
0 0.135 0.555 0.114 0.021
0 0.171 0.366 0.190 0.017
0 0.247 0.182 0.338 0.022
0 0.501 0.058 0.106 0.027
2 0.500 0.886 0.922 0.093
2 0.500 0.741 0.923 0.176
2 0.500 0.555 0.922 0.176
2 0.501 0.368 0.923 0.176
2 0.500 0.181 0.923 0.175
