0 0.364 0.105 0.399 0.023
0 0.500 0.991 0.108 0.014
0 0.833 0.989 0.075 0.011
1 0.833 0.959 0.054 0.030
2 0.500 0.959 0.054 0.030
1 0.166 0.959 0.049 0.028
0 0.167 0.991 0.086 0.013
1 0.605 0.918 0.167 0.018
0 0.733 0.921 0.076 0.016
0 0.705 0.892 0.366 0.022
0 0.243 0.916 0.404 0.017
0 0.223 0.892 0.360 0.021
2 0.740 0.748 0.442 0.249
2 0.260 0.748 0.442 0.249
0 0.615 0.591 0.185 0.015
0 0.696 0.534 0.346 0.017
0 0.738 0.509 0.431 0.017
0 0.719 0.564 0.048 0.013
1 0.605 0.563 0.167 0.019
1 0.124 0.563 0.169 0.019
0 0.255 0.565 0.081 0.017
0 0.140 0.591 0.197 0.016
0 0.140 0.535 0.198 0.018
0 0.165 0.511 0.244 0.021
2 0.740 0.367 0.442 0.249
2 0.260 0.367 0.442 0.249
0 0.500 0.185 0.236 0.027
5 0.500 0.104 0.923 0.068
1 0.112 0.103 0.045 0.025
4 0.500 0.011 0.999 0.021
