2 0.116 0.217 0.157 0.089
2 0.117 0.347 0.159 0.089
2 0.117 0.477 0.158 0.090
2 0.116 0.608 0.157 0.088
4 0.501 0.011 0.998 0.022
2 0.087 0.056 0.076 0.042
2 0.917 0.054 0.085 0.041
1 0.060 0.120 0.030 0.032
1 0.923 0.216 0.052 0.029
1 0.923 0.347 0.051 0.029
1 0.923 0.477 0.052 0.029
1 0.923 0.607 0.052 0.029
1 0.167 0.959 0.060 0.034
2 0.499 0.959 0.060 0.034
2 0.833 0.959 0.076 0.037
0 0.499 0.057 0.132 0.028
0 0.501 0.119 0.126 0.016
0 0.906 0.119 0.062 0.016
0 0.331 0.197 0.155 0.025
0 0.385 0.240 0.265 0.019
0 0.396 0.332 0.283 0.021
0 0.341 0.365 0.176 0.015
0 0.431 0.480 0.357 0.019
0 0.374 0.611 0.241 0.018
0 0.498 0.772 0.694 0.049
3 0.500 0.856 0.323 0.066
0 0.167 0.990 0.097 0.011
0 0.500 0.991 0.068 0.013
0 0.833 0.991 0.126 0.013
