0 0.184 0.056 0.126 0.018
1 0.085 0.057 0.035 0.019
2 0.170 0.146 0.167 0.094
2 0.169 0.269 0.167 0.094
2 0.169 0.391 0.167 0.094
2 0.169 0.513 0.167 0.094
2 0.170 0.635 0.167 0.094
2 0.170 0.758 0.167 0.095
2 0.170 0.880 0.167 0.094
0 0.431 0.147 0.229 0.016
0 0.446 0.269 0.260 0.016
0 0.514 0.392 0.398 0.016
0 0.421 0.514 0.213 0.016
0 0.409 0.636 0.188 0.016
0 0.510 0.758 0.390 0.016
0 0.574 0.880 0.518 0.016
0 0.101 0.991 0.063 0.011
0 0.301 0.991 0.070 0.011
0 0.500 0.991 0.094 0.011
0 0.699 0.991 0.035 0.011
0 0.899 0.992 0.070 0.014
1 0.934 0.146 0.021 0.021
1 0.934 0.268 0.021 0.021
1 0.934 0.390 0.021 0.021
1 0.934 0.512 0.021 0.021
1 0.934 0.635 0.022 0.021
1 0.934 0.757 0.022 0.021
1 0.934 0.880 0.021 0.021
1 0.100 0.959 0.067 0.038
1 0.301 0.959 0.069 0.039
1 0.499 0.959 0.069 0.036
1 0.699 0.959 0.068 0.038
1 0.899 0.959 0.069 0.038
5 0.500 0.058 0.903 0.049
4 0.500 0.011 0.999 0.022
