0 0.171 0.125 0.248 0.029
0 0.872 0.122 0.103 0.015
0 0.342 0.720 0.034 0.018
0 0.371 0.780 0.613 0.058
0 0.146 0.879 0.203 0.028
0 0.872 0.876 0.104 0.015
0 0.900 0.991 0.034 0.010
0 0.699 0.992 0.171 0.014
0 0.500 0.990 0.113 0.011
0 0.301 0.992 0.134 0.014
0 0.101 0.990 0.103 0.011
1 0.101 0.959 0.060 0.034
2 0.300 0.959 0.063 0.035
1 0.499 0.959 0.091 0.038
2 0.698 0.959 0.063 0.037
1 0.900 0.959 0.061 0.037
1 0.963 0.876 0.014 0.014
2 0.925 0.792 0.060 0.035
1 0.962 0.122 0.014 0.014
1 0.085 0.065 0.035 0.019
0 0.263 0.066 0.283 0.022
2 0.501 0.425 0.952 0.536
2 0.501 0.922 0.952 0.022
1 0.186 0.719 0.247 0.025
5 0.500 0.065 0.903 0.049
4 0.500 0.011 0.999 0.022
