1 0.875 0.974 0.040 0.029
1 0.626 0.965 0.054 0.030
2 0.376 0.966 0.073 0.025
2 0.126 0.968 0.074 0.025
1 0.505 0.823 0.233 0.023
1 0.505 0.585 0.234 0.023
1 0.505 0.347 0.234 0.023
0 0.494 0.911 0.216 0.016
0 0.663 0.823 0.051 0.013
0 0.521 0.791 0.269 0.018
0 0.507 0.753 0.240 0.029
0 0.440 0.705 0.110 0.017
0 0.421 0.672 0.069 0.013
0 0.663 0.585 0.051 0.013
0 0.520 0.553 0.271 0.018
0 0.488 0.514 0.202 0.029
0 0.456 0.467 0.137 0.017
0 0.421 0.434 0.069 0.014
0 0.663 0.347 0.050 0.013
0 0.521 0.315 0.269 0.019
0 0.488 0.276 0.202 0.029
0 0.476 0.227 0.184 0.022
0 0.477 0.198 0.181 0.017
2 0.198 0.741 0.263 0.109
2 0.197 0.503 0.264 0.125
2 0.198 0.264 0.264 0.130
0 0.187 0.117 0.272 0.014
0 0.916 0.118 0.073 0.014
0 0.501 0.058 0.595 0.017
1 0.047 0.058 0.031 0.029
4 0.500 0.011 0.999 0.022
