2 0.116 0.128 0.155 0.029
0 0.490 0.205 0.900 0.038
0 0.500 0.276 0.486 0.018
0 0.230 0.376 0.165 0.015
0 0.477 0.401 0.663 0.019
0 0.302 0.455 0.311 0.015
0 0.459 0.480 0.623 0.019
0 0.236 0.561 0.389 0.020
0 0.330 0.628 0.365 0.018
0 0.340 0.704 0.386 0.018
0 0.122 0.793 0.164 0.017
0 0.293 0.862 0.295 0.019
0 0.126 0.990 0.068 0.011
0 0.376 0.990 0.103 0.011
0 0.626 0.990 0.075 0.011
0 0.875 0.990 0.098 0.011
1 0.875 0.959 0.052 0.029
2 0.624 0.957 0.054 0.024
2 0.375 0.960 0.052 0.025
1 0.124 0.958 0.052 0.019
1 0.068 0.860 0.055 0.025
1 0.068 0.703 0.050 0.028
2 0.069 0.626 0.049 0.023
1 0.068 0.467 0.039 0.028
2 0.068 0.387 0.049 0.026
1 0.947 0.058 0.054 0.029
1 0.872 0.058 0.050 0.027
2 0.748 0.057 0.049 0.028
1 0.104 0.057 0.027 0.014
0 0.291 0.058 0.300 0.022
3 0.859 0.128 0.205 0.043
1 0.943 0.627 0.017 0.016
1 0.943 0.702 0.017 0.015
1 0.944 0.860 0.016 0.016
5 0.430 0.057 0.725 0.049
4 0.500 0.011 0.999 0.022
