0 0.314 0.144 0.200 0.018
0 0.101 0.986 0.072 0.011
0 0.302 0.986 0.083 0.013
0 0.499 0.988 0.060 0.015
0 0.700 0.986 0.065 0.013
0 0.899 0.986 0.102 0.012
1 0.899 0.956 0.048 0.027
1 0.698 0.956 0.049 0.020
1 0.500 0.956 0.049 0.024
1 0.300 0.956 0.048 0.024
1 0.101 0.955 0.054 0.029
0 0.502 0.787 0.250 0.024
2 0.958 0.786 0.068 0.245
2 0.500 0.786 0.750 0.245
2 0.039 0.786 0.076 0.245
0 0.271 0.628 0.440 0.025
0 0.500 0.432 0.301 0.024
2 0.962 0.431 0.076 0.245
2 0.500 0.431 0.750 0.245
2 0.039 0.431 0.076 0.245
0 0.233 0.274 0.362 0.024
5 0.500 0.143 0.807 0.066
1 0.155 0.143 0.043 0.024
4 0.500 0.011 0.999 0.021
