4 0.500 0.011 0.999 0.022
0 0.501 0.058 0.106 0.027
0 0.177 0.195 0.201 0.018
0 0.149 0.384 0.141 0.022
0 0.126 0.569 0.095 0.017
0 0.116 0.758 0.078 0.021
0 0.101 0.991 0.068 0.010
0 0.302 0.991 0.118 0.014
0 0.499 0.992 0.060 0.013
0 0.698 0.990 0.096 0.012
0 0.899 0.991 0.081 0.011
1 0.101 0.959 0.055 0.031
2 0.301 0.960 0.055 0.029
2 0.499 0.960 0.055 0.029
1 0.699 0.960 0.055 0.029
1 0.898 0.959 0.048 0.032
1 0.820 0.057 0.033 0.020
1 0.932 0.056 0.035 0.021
2 0.500 0.197 0.923 0.176
2 0.501 0.383 0.923 0.176
2 0.500 0.571 0.923 0.176
2 0.500 0.757 0.922 0.176
2 0.500 0.895 0.923 0.077
