0 0.196 0.059 0.151 0.021
0 0.165 0.115 0.044 0.017
0 0.515 0.117 0.119 0.021
0 0.856 0.117 0.145 0.021
1 0.900 0.970 0.058 0.029
1 0.700 0.971 0.055 0.030
1 0.300 0.970 0.058 0.030
1 0.101 0.970 0.058 0.029
1 0.500 0.970 0.200 0.060
1 0.428 0.115 0.031 0.022
2 0.748 0.115 0.045 0.020
1 0.971 0.178 0.021 0.008
0 0.875 0.178 0.153 0.018
2 0.174 0.854 0.308 0.172
2 0.174 0.605 0.308 0.308
2 0.826 0.275 0.308 0.130
2 0.827 0.857 0.309 0.166
2 0.826 0.678 0.307 0.173
2 0.827 0.466 0.308 0.231
2 0.500 0.816 0.308 0.248
2 0.500 0.567 0.308 0.231
2 0.500 0.325 0.308 0.231
2 0.174 0.325 0.308 0.231
1 0.225 0.177 0.020 0.008
0 0.113 0.176 0.183 0.016
1 0.080 0.058 0.034 0.020
1 0.935 0.057 0.035 0.026
1 0.823 0.057 0.044 0.025
5 0.395 0.058 0.709 0.042
4 0.500 0.011 0.999 0.022
