0 0.123 0.415 0.117 0.012
0 0.150 0.312 0.173 0.012
5 0.500 0.415 0.943 0.058
5 0.501 0.312 0.942 0.058
1 0.898 0.959 0.056 0.020
1 0.700 0.958 0.042 0.035
1 0.500 0.958 0.059 0.033
1 0.100 0.958 0.055 0.030
1 0.300 0.957 0.049 0.032
3 0.500 0.797 0.713 0.057
3 0.500 0.697 0.713 0.054
3 0.500 0.570 0.952 0.071
2 0.930 0.493 0.122 0.069
0 0.097 0.988 0.053 0.010
0 0.300 0.988 0.143 0.010
0 0.500 0.988 0.096 0.010
0 0.699 0.988 0.072 0.010
0 0.897 0.988 0.057 0.010
0 0.499 0.629 0.032 0.009
0 0.113 0.372 0.143 0.014
0 0.176 0.491 0.300 0.017
0 0.146 0.269 0.209 0.014
0 0.089 0.191 0.124 0.023
0 0.908 0.202 0.130 0.016
1 0.407 0.118 0.021 0.020
0 0.209 0.121 0.365 0.017
0 0.501 0.057 0.205 0.018
1 0.706 0.056 0.023 0.022
1 0.819 0.057 0.044 0.030
1 0.932 0.056 0.023 0.022
4 0.500 0.011 0.999 0.022
