0 0.500 0.059 0.274 0.023
0 0.499 0.341 0.871 0.064
0 0.355 0.466 0.648 0.023
0 0.163 0.780 0.266 0.047
0 0.641 0.779 0.248 0.042
0 0.101 0.990 0.120 0.010
0 0.301 0.990 0.089 0.010
0 0.500 0.990 0.091 0.010
0 0.699 0.990 0.092 0.010
0 0.900 0.990 0.141 0.010
1 0.899 0.959 0.064 0.034
1 0.698 0.959 0.045 0.035
1 0.499 0.959 0.062 0.029
2 0.300 0.960 0.068 0.040
1 0.099 0.960 0.072 0.040
2 0.258 0.885 0.457 0.096
2 0.743 0.885 0.457 0.096
2 0.743 0.616 0.457 0.257
2 0.258 0.616 0.457 0.257
2 0.500 0.205 0.267 0.149
4 0.500 0.011 0.999 0.022
