0 0.500 0.694 0.144 0.019
0 0.499 0.628 0.077 0.024
0 0.500 0.558 0.188 0.019
0 0.501 0.496 0.167 0.019
0 0.500 0.435 0.076 0.024
0 0.500 0.365 0.103 0.019
0 0.501 0.297 0.193 0.019
5 0.500 0.705 0.779 0.042
5 0.500 0.637 0.779 0.042
5 0.500 0.569 0.779 0.042
5 0.500 0.507 0.779 0.041
5 0.500 0.444 0.779 0.042
5 0.500 0.376 0.779 0.042
5 0.500 0.308 0.779 0.042
1 0.073 0.060 0.028 0.028
1 0.500 0.143 0.219 0.124
1 0.809 0.889 0.034 0.020
0 0.501 0.969 0.477 0.019
0 0.485 0.817 0.706 0.038
0 0.500 0.229 0.221 0.019
1 0.853 0.495 0.035 0.012
1 0.853 0.694 0.035 0.012
3 0.500 0.889 0.779 0.063
4 0.500 0.011 0.999 0.022
