2 0.090 0.057 0.084 0.034
0 0.166 0.125 0.229 0.022
0 0.128 0.177 0.157 0.018
0 0.110 0.232 0.116 0.017
0 0.140 0.288 0.178 0.021
0 0.128 0.340 0.155 0.018
0 0.223 0.397 0.346 0.021
0 0.242 0.451 0.380 0.022
0 0.176 0.503 0.248 0.018
0 0.190 0.560 0.279 0.022
0 0.121 0.614 0.143 0.021
0 0.133 0.666 0.167 0.018
0 0.123 0.721 0.148 0.017
0 0.228 0.802 0.238 0.019
0 0.276 0.858 0.297 0.023
0 0.175 0.913 0.143 0.024
1 0.068 0.803 0.040 0.023
2 0.078 0.855 0.043 0.025
1 0.065 0.911 0.034 0.021
0 0.824 0.177 0.020 0.013
0 0.824 0.286 0.019 0.013
4 0.500 0.012 0.999 0.023
