0 0.371 0.075 0.374 0.019
1 0.122 0.074 0.023 0.023
1 0.333 0.389 0.014 0.014
1 0.101 0.950 0.051 0.031
1 0.301 0.950 0.060 0.029
2 0.500 0.950 0.052 0.032
1 0.700 0.949 0.055 0.030
1 0.901 0.950 0.059 0.034
3 0.132 0.147 0.151 0.044
3 0.315 0.147 0.169 0.044
0 0.303 0.226 0.371 0.064
0 0.443 0.315 0.652 0.068
0 0.213 0.390 0.192 0.022
0 0.362 0.853 0.604 0.032
0 0.494 0.894 0.867 0.022
0 0.101 0.981 0.105 0.011
0 0.300 0.981 0.079 0.011
0 0.500 0.981 0.066 0.011
0 0.701 0.982 0.075 0.011
0 0.900 0.981 0.095 0.011
2 0.500 0.481 0.885 0.597
5 0.501 0.074 0.886 0.066
4 0.500 0.011 0.999 0.022
