0 0.491 0.059 0.520 0.019
1 0.203 0.057 0.035 0.019
0 0.231 0.321 0.184 0.019
0 0.242 0.408 0.206 0.019
0 0.264 0.495 0.251 0.019
1 0.068 0.495 0.043 0.024
1 0.068 0.408 0.048 0.022
1 0.068 0.321 0.044 0.025
1 0.942 0.494 0.019 0.018
1 0.942 0.407 0.019 0.018
1 0.942 0.320 0.019 0.018
5 0.559 0.058 0.785 0.038
1 0.078 0.057 0.059 0.034
0 0.501 0.141 0.243 0.015
0 0.501 0.169 0.715 0.015
3 0.386 0.214 0.222 0.044
3 0.627 0.214 0.200 0.044
0 0.874 0.979 0.072 0.011
0 0.627 0.979 0.138 0.011
0 0.376 0.979 0.093 0.010
0 0.127 0.979 0.065 0.010
1 0.126 0.955 0.058 0.029
1 0.375 0.955 0.039 0.029
1 0.626 0.955 0.044 0.029
1 0.874 0.955 0.056 0.025
4 0.500 0.011 0.999 0.022
