0 0.330 0.058 0.268 0.021
0 0.101 0.990 0.065 0.010
0 0.301 0.991 0.057 0.013
0 0.500 0.990 0.060 0.010
0 0.699 0.990 0.052 0.011
0 0.899 0.990 0.094 0.010
1 0.899 0.959 0.057 0.032
1 0.700 0.959 0.052 0.026
1 0.500 0.959 0.054 0.030
2 0.302 0.959 0.074 0.032
2 0.101 0.959 0.055 0.031
1 0.913 0.700 0.039 0.019
2 0.735 0.800 0.345 0.240
1 0.442 0.698 0.076 0.043
2 0.265 0.798 0.452 0.254
0 0.650 0.640 0.277 0.018
0 0.673 0.612 0.320 0.019
1 0.595 0.581 0.171 0.015
0 0.729 0.581 0.071 0.013
0 0.655 0.550 0.287 0.020
0 0.622 0.517 0.219 0.019
0 0.671 0.488 0.316 0.019
0 0.151 0.612 0.217 0.019
1 0.126 0.582 0.172 0.015
0 0.248 0.581 0.051 0.013
0 0.181 0.550 0.282 0.021
0 0.134 0.517 0.185 0.019
0 0.162 0.486 0.246 0.015
2 0.795 0.443 0.077 0.043
2 0.712 0.443 0.078 0.043
2 0.631 0.443 0.077 0.043
2 0.549 0.443 0.077 0.043
2 0.324 0.443 0.077 0.043
2 0.242 0.443 0.077 0.043
2 0.160 0.443 0.077 0.043
2 0.078 0.443 0.077 0.044
2 0.266 0.283 0.436 0.254
1 0.442 0.185 0.039 0.020
1 0.913 0.184 0.077 0.043
2 0.736 0.283 0.452 0.255
0 0.919 0.107 0.084 0.016
1 0.837 0.108 0.033 0.013
0 0.723 0.108 0.070 0.015
1 0.645 0.108 0.043 0.024
0 0.132 0.109 0.183 0.016
1 0.042 0.059 0.025 0.025
1 0.167 0.058 0.033 0.018
5 0.418 0.058 0.593 0.049
1 0.783 0.057 0.053 0.025
1 0.903 0.057 0.049 0.024
4 0.500 0.011 0.999 0.021
