2 0.117 0.873 0.156 0.088
2 0.117 0.743 0.155 0.087
2 0.117 0.613 0.156 0.087
2 0.116 0.482 0.155 0.087
1 0.116 0.351 0.155 0.088
0 0.500 0.057 0.130 0.028
0 0.907 0.119 0.064 0.018
0 0.501 0.120 0.127 0.017
0 0.424 0.207 0.341 0.022
0 0.313 0.240 0.121 0.015
0 0.331 0.334 0.155 0.029
0 0.449 0.376 0.392 0.019
0 0.331 0.463 0.155 0.025
0 0.385 0.506 0.265 0.019
0 0.396 0.598 0.283 0.021
0 0.341 0.632 0.176 0.016
0 0.431 0.746 0.357 0.019
0 0.374 0.876 0.241 0.019
0 0.168 0.990 0.104 0.012
0 0.500 0.991 0.072 0.014
0 0.833 0.991 0.137 0.014
2 0.833 0.959 0.073 0.038
2 0.499 0.959 0.060 0.034
1 0.167 0.959 0.059 0.034
1 0.923 0.873 0.051 0.029
1 0.923 0.743 0.051 0.029
1 0.923 0.612 0.052 0.029
1 0.923 0.482 0.051 0.029
2 0.117 0.221 0.156 0.088
1 0.059 0.120 0.027 0.029
2 0.088 0.055 0.078 0.039
2 0.917 0.053 0.081 0.042
4 0.500 0.011 0.999 0.022
