1 0.769 0.073 0.035 0.019
0 0.120 0.072 0.087 0.018
4 0.500 0.011 0.999 0.022
0 0.901 0.072 0.118 0.017
0 0.215 0.615 0.354 0.083
0 0.707 0.617 0.375 0.087
0 0.176 0.530 0.093 0.019
0 0.399 0.529 0.122 0.017
0 0.654 0.530 0.089 0.019
0 0.880 0.529 0.122 0.017
0 0.236 0.683 0.205 0.014
0 0.654 0.683 0.080 0.015
0 0.248 0.709 0.225 0.015
0 0.729 0.709 0.225 0.015
0 0.101 0.991 0.069 0.014
0 0.300 0.990 0.077 0.011
0 0.499 0.989 0.076 0.011
0 0.698 0.991 0.107 0.014
0 0.900 0.989 0.070 0.011
1 0.091 0.530 0.052 0.026
1 0.571 0.530 0.052 0.025
1 0.100 0.957 0.063 0.034
1 0.300 0.957 0.060 0.030
1 0.499 0.957 0.061 0.034
1 0.700 0.957 0.051 0.035
1 0.899 0.958 0.050 0.034
5 0.421 0.072 0.768 0.068
3 0.260 0.159 0.446 0.044
3 0.741 0.159 0.445 0.044
2 0.259 0.389 0.446 0.334
2 0.741 0.389 0.446 0.334
2 0.259 0.839 0.446 0.188
2 0.740 0.839 0.445 0.188
2 0.076 0.697 0.079 0.044
2 0.557 0.697 0.079 0.044
