1 0.047 0.058 0.031 0.029
0 0.112 0.058 0.075 0.017
0 0.502 0.060 0.235 0.021
0 0.907 0.058 0.087 0.016
0 0.166 0.103 0.229 0.019
7 0.503 0.149 0.903 0.028
0 0.151 0.149 0.200 0.017
7 0.502 0.205 0.905 0.028
0 0.196 0.207 0.293 0.017
7 0.503 0.262 0.903 0.028
0 0.170 0.264 0.238 0.017
7 0.502 0.320 0.905 0.029
0 0.186 0.323 0.272 0.023
0 0.256 0.433 0.411 0.025
7 0.503 0.476 0.903 0.028
0 0.118 0.477 0.132 0.017
7 0.502 0.533 0.905 0.028
0 0.229 0.533 0.358 0.017
7 0.504 0.590 0.903 0.029
0 0.265 0.593 0.426 0.023
0 0.243 0.704 0.383 0.024
7 0.503 0.746 0.903 0.028
0 0.115 0.747 0.127 0.017
7 0.503 0.803 0.903 0.028
0 0.105 0.807 0.108 0.021
3 0.501 0.882 0.903 0.077
1 0.101 0.959 0.055 0.029
1 0.900 0.959 0.049 0.028
1 0.301 0.959 0.049 0.024
1 0.500 0.960 0.049 0.024
1 0.699 0.960 0.050 0.020
0 0.301 0.985 0.084 0.013
0 0.700 0.985 0.065 0.013
0 0.500 0.987 0.060 0.016
0 0.899 0.985 0.103 0.012
0 0.101 0.986 0.072 0.012
4 0.500 0.011 0.999 0.022
