2 0.405 0.393 0.159 0.090
2 0.409 0.526 0.151 0.086
2 0.892 0.530 0.159 0.090
2 0.882 0.386 0.159 0.102
2 0.884 0.176 0.173 0.091
2 0.402 0.182 0.179 0.081
1 0.548 0.551 0.024 0.017
1 0.067 0.550 0.023 0.018
1 0.067 0.413 0.023 0.017
1 0.547 0.413 0.023 0.017
1 0.548 0.197 0.023 0.018
1 0.067 0.197 0.023 0.017
0 0.113 0.285 0.168 0.026
3 0.500 0.936 0.924 0.055
2 0.501 0.789 0.504 0.169
0 0.500 0.660 0.597 0.020
0 0.500 0.621 0.294 0.023
0 0.597 0.466 0.135 0.018
0 0.167 0.329 0.229 0.019
0 0.109 0.467 0.116 0.019
0 0.626 0.329 0.188 0.018
0 0.619 0.127 0.182 0.043
0 0.124 0.113 0.149 0.018
1 0.046 0.057 0.030 0.029
0 0.856 0.058 0.192 0.019
0 0.501 0.059 0.229 0.024
0 0.174 0.057 0.196 0.018
4 0.500 0.011 0.999 0.022
