0 0.146 0.318 0.192 0.022
0 0.132 0.382 0.163 0.018
0 0.126 0.447 0.154 0.018
0 0.086 0.512 0.071 0.018
0 0.129 0.577 0.157 0.018
0 0.100 0.643 0.101 0.018
0 0.089 0.708 0.077 0.018
0 0.100 0.775 0.101 0.021
0 0.094 0.840 0.086 0.021
0 0.087 0.904 0.072 0.018
0 0.099 0.969 0.096 0.018
1 0.940 0.969 0.021 0.020
1 0.940 0.904 0.021 0.020
1 0.941 0.839 0.021 0.020
1 0.941 0.774 0.020 0.019
1 0.941 0.709 0.020 0.019
1 0.941 0.643 0.021 0.019
1 0.940 0.578 0.021 0.020
1 0.941 0.513 0.020 0.020
1 0.941 0.448 0.021 0.019
1 0.941 0.382 0.021 0.019
1 0.941 0.317 0.021 0.020
1 0.064 0.057 0.029 0.029
0 0.264 0.186 0.109 0.014
2 0.732 0.182 0.463 0.136
4 0.500 0.011 0.999 0.022
