4 0.501 0.012 0.998 0.024
0 0.499 0.058 0.150 0.018
0 0.267 0.129 0.222 0.022
0 0.254 0.208 0.197 0.023
0 0.273 0.287 0.236 0.022
0 0.318 0.363 0.324 0.018
0 0.238 0.442 0.165 0.019
0 0.260 0.521 0.209 0.019
2 0.388 0.766 0.072 0.029
0 0.547 0.767 0.210 0.017
0 0.499 0.822 0.308 0.074
0 0.497 0.903 0.481 0.038
0 0.099 0.991 0.059 0.015
0 0.301 0.990 0.082 0.012
0 0.499 0.990 0.062 0.012
0 0.698 0.990 0.095 0.011
0 0.900 0.990 0.075 0.012
2 0.101 0.959 0.055 0.034
1 0.300 0.959 0.058 0.034
1 0.500 0.959 0.059 0.028
2 0.699 0.959 0.060 0.034
1 0.899 0.960 0.056 0.033
2 0.086 0.127 0.062 0.037
1 0.086 0.205 0.053 0.032
1 0.087 0.283 0.059 0.029
1 0.087 0.363 0.059 0.033
1 0.088 0.441 0.058 0.029
1 0.088 0.521 0.055 0.023
1 0.951 0.127 0.024 0.023
1 0.952 0.205 0.024 0.023
1 0.951 0.284 0.024 0.024
1 0.951 0.363 0.024 0.024
1 0.951 0.442 0.023 0.023
1 0.952 0.520 0.024 0.024
