0 0.391 0.058 0.500 0.022
0 0.184 0.123 0.287 0.018
0 0.172 0.203 0.262 0.021
0 0.131 0.276 0.181 0.019
0 0.163 0.330 0.246 0.042
0 0.828 0.305 0.087 0.014
0 0.181 0.413 0.283 0.019
0 0.162 0.467 0.243 0.042
0 0.831 0.442 0.084 0.015
0 0.098 0.549 0.114 0.015
0 0.825 0.579 0.094 0.015
0 0.162 0.604 0.243 0.042
0 0.128 0.686 0.176 0.015
0 0.826 0.716 0.093 0.015
0 0.161 0.741 0.244 0.042
0 0.100 0.825 0.119 0.019
0 0.826 0.854 0.094 0.015
0 0.161 0.879 0.243 0.042
0 0.876 0.990 0.097 0.011
0 0.626 0.990 0.076 0.011
0 0.376 0.990 0.104 0.011
0 0.126 0.990 0.068 0.011
1 0.125 0.958 0.052 0.019
2 0.376 0.960 0.052 0.025
2 0.624 0.957 0.055 0.024
1 0.875 0.959 0.052 0.029
1 0.938 0.853 0.012 0.012
1 0.938 0.716 0.011 0.012
1 0.938 0.579 0.011 0.012
1 0.938 0.442 0.012 0.012
1 0.938 0.305 0.012 0.012
1 0.926 0.121 0.073 0.041
1 0.947 0.058 0.055 0.029
1 0.105 0.057 0.034 0.019
5 0.467 0.057 0.797 0.049
4 0.500 0.011 0.999 0.022
