0 0.238 0.119 0.295 0.018
3 0.483 0.280 0.211 0.033
3 0.483 0.426 0.211 0.034
3 0.483 0.600 0.211 0.033
3 0.483 0.774 0.211 0.033
0 0.116 0.986 0.066 0.010
0 0.308 0.986 0.119 0.011
0 0.500 0.986 0.079 0.010
0 0.692 0.986 0.049 0.010
0 0.884 0.986 0.096 0.010
0 0.588 0.891 0.419 0.045
0 0.450 0.746 0.143 0.015
0 0.595 0.703 0.434 0.018
0 0.450 0.572 0.143 0.015
0 0.584 0.530 0.411 0.018
0 0.451 0.398 0.143 0.015
0 0.591 0.356 0.426 0.018
0 0.459 0.251 0.159 0.015
0 0.603 0.196 0.450 0.046
0 0.500 0.057 0.218 0.017
1 0.073 0.057 0.042 0.020
1 0.055 0.118 0.031 0.018
1 0.944 0.176 0.040 0.021
1 0.944 0.350 0.041 0.021
1 0.944 0.524 0.041 0.021
1 0.944 0.698 0.041 0.021
1 0.944 0.872 0.040 0.021
1 0.884 0.962 0.041 0.023
1 0.708 0.959 0.072 0.030
1 0.500 0.962 0.043 0.024
1 0.308 0.962 0.043 0.023
1 0.116 0.962 0.043 0.024
2 0.194 0.910 0.189 0.061
2 0.196 0.759 0.200 0.109
2 0.198 0.585 0.199 0.109
2 0.191 0.411 0.201 0.108
2 0.188 0.238 0.112 0.127
5 0.501 0.117 0.961 0.038
4 0.500 0.011 0.999 0.022
