0 0.265 0.743 0.237 0.022
0 0.736 0.744 0.251 0.021
0 0.736 0.451 0.276 0.017
0 0.265 0.453 0.262 0.022
2 0.736 0.689 0.432 0.204
2 0.264 0.689 0.432 0.204
0 0.246 0.553 0.394 0.023
2 0.736 0.399 0.432 0.204
2 0.264 0.399 0.432 0.204
0 0.221 0.263 0.344 0.022
0 0.267 0.176 0.432 0.024
1 0.949 0.175 0.021 0.021
4 0.501 0.011 0.998 0.021
0 0.500 0.056 0.136 0.022
0 0.500 0.096 0.796 0.019
0 0.100 0.990 0.056 0.011
0 0.300 0.989 0.057 0.011
0 0.499 0.990 0.064 0.011
0 0.698 0.990 0.105 0.013
0 0.900 0.990 0.033 0.011
1 0.100 0.959 0.064 0.036
1 0.698 0.959 0.073 0.037
1 0.498 0.959 0.077 0.038
1 0.299 0.959 0.072 0.037
1 0.899 0.959 0.066 0.035
