0 0.502 0.058 0.097 0.018
0 0.136 0.060 0.122 0.022
0 0.240 0.110 0.224 0.020
0 0.339 0.140 0.424 0.018
0 0.192 0.178 0.127 0.020
0 0.401 0.208 0.549 0.018
0 0.237 0.244 0.217 0.016
0 0.333 0.276 0.415 0.017
0 0.225 0.403 0.193 0.019
0 0.243 0.471 0.229 0.020
0 0.266 0.615 0.274 0.020
0 0.254 0.681 0.254 0.017
0 0.258 0.827 0.261 0.020
0 0.252 0.893 0.250 0.017
0 0.101 0.988 0.086 0.014
0 0.301 0.990 0.167 0.017
0 0.500 0.989 0.128 0.017
0 0.699 0.989 0.073 0.017
0 0.900 0.988 0.062 0.014
1 0.046 0.058 0.031 0.030
1 0.054 0.121 0.064 0.038
2 0.054 0.189 0.068 0.039
2 0.054 0.257 0.068 0.027
1 0.054 0.401 0.064 0.038
1 0.054 0.469 0.069 0.036
2 0.054 0.613 0.059 0.039
2 0.054 0.681 0.068 0.038
2 0.054 0.825 0.069 0.035
2 0.054 0.893 0.047 0.037
1 0.099 0.959 0.059 0.033
1 0.301 0.959 0.059 0.032
1 0.500 0.959 0.065 0.038
2 0.699 0.959 0.064 0.036
1 0.899 0.959 0.066 0.031
1 0.942 0.893 0.040 0.022
1 0.942 0.825 0.040 0.023
1 0.942 0.681 0.022 0.022
1 0.943 0.613 0.021 0.023
1 0.942 0.469 0.022 0.023
1 0.943 0.401 0.021 0.023
1 0.943 0.257 0.021 0.023
1 0.943 0.189 0.021 0.023
1 0.942 0.121 0.022 0.023
0 0.101 0.346 0.118 0.020
0 0.112 0.555 0.146 0.016
0 0.204 0.769 0.324 0.020
4 0.500 0.011 0.999 0.022
