0 0.239 0.138 0.102 0.024
0 0.354 0.244 0.399 0.021
0 0.228 0.312 0.145 0.018
0 0.201 0.381 0.091 0.019
0 0.221 0.453 0.127 0.019
0 0.253 0.519 0.196 0.019
0 0.229 0.672 0.145 0.023
0 0.939 0.521 0.021 0.016
0 0.939 0.452 0.021 0.016
0 0.939 0.382 0.021 0.016
0 0.938 0.312 0.022 0.018
0 0.939 0.244 0.021 0.016
3 0.500 0.816 0.903 0.057
1 0.831 0.967 0.060 0.036
1 0.498 0.966 0.060 0.034
1 0.165 0.965 0.060 0.034
1 0.085 0.671 0.059 0.033
1 0.078 0.521 0.056 0.030
1 0.943 0.672 0.018 0.016
1 0.081 0.452 0.056 0.032
1 0.083 0.382 0.064 0.033
1 0.087 0.313 0.064 0.026
1 0.080 0.243 0.062 0.033
1 0.104 0.137 0.112 0.063
4 0.500 0.011 0.999 0.022
