0 0.404 0.708 0.348 0.015
0 0.396 0.674 0.334 0.011
0 0.323 0.609 0.184 0.015
0 0.315 0.575 0.169 0.011
0 0.290 0.505 0.118 0.015
0 0.284 0.474 0.107 0.011
0 0.282 0.402 0.101 0.015
0 0.276 0.371 0.091 0.010
0 0.285 0.301 0.110 0.015
0 0.275 0.270 0.090 0.011
1 0.165 0.703 0.050 0.026
1 0.165 0.604 0.050 0.026
2 0.157 0.504 0.032 0.025
1 0.159 0.402 0.049 0.017
1 0.156 0.298 0.052 0.024
1 0.074 0.077 0.070 0.023
0 0.499 0.859 0.508 0.018
3 0.500 0.797 0.807 0.054
0 0.500 0.195 0.374 0.014
0 0.500 0.162 0.270 0.034
5 0.500 0.297 0.807 0.065
5 0.500 0.398 0.807 0.065
5 0.500 0.501 0.808 0.065
5 0.500 0.601 0.807 0.065
5 0.500 0.701 0.807 0.065
