0 0.438 0.650 0.344 0.020
0 0.422 0.559 0.316 0.020
0 0.404 0.469 0.276 0.016
0 0.410 0.379 0.289 0.016
0 0.356 0.288 0.180 0.016
1 0.844 0.650 0.050 0.013
1 0.844 0.559 0.050 0.013
2 0.151 0.650 0.044 0.021
2 0.151 0.559 0.043 0.020
2 0.151 0.469 0.036 0.028
1 0.152 0.378 0.045 0.015
1 0.152 0.287 0.048 0.022
4 0.504 0.026 0.895 0.014
0 0.500 0.103 0.270 0.034
0 0.500 0.136 0.375 0.014
0 0.500 0.735 0.736 0.020
3 0.501 0.881 0.924 0.084
5 0.499 0.650 0.835 0.067
5 0.499 0.559 0.835 0.067
5 0.499 0.468 0.835 0.067
5 0.500 0.378 0.834 0.067
5 0.499 0.287 0.834 0.067
