0 0.504 0.598 0.340 0.018
0 0.425 0.530 0.178 0.017
0 0.370 0.463 0.071 0.017
0 0.385 0.396 0.098 0.017
0 0.391 0.329 0.110 0.018
2 0.233 0.598 0.049 0.025
1 0.233 0.531 0.041 0.026
2 0.234 0.463 0.031 0.025
1 0.233 0.397 0.056 0.021
1 0.233 0.329 0.042 0.024
4 0.501 0.017 0.998 0.031
0 0.503 0.819 0.183 0.022
0 0.501 0.911 0.798 0.042
3 0.503 0.678 0.655 0.054
5 0.501 0.598 0.655 0.055
5 0.502 0.530 0.657 0.054
5 0.502 0.463 0.654 0.054
5 0.502 0.397 0.654 0.053
5 0.501 0.329 0.655 0.054
2 0.502 0.168 0.202 0.099
0 0.165 0.073 0.088 0.016
1 0.086 0.073 0.032 0.029
