0 0.660 0.270 0.186 0.014
0 0.568 0.454 0.264 0.014
0 0.174 0.532 0.171 0.015
1 0.296 0.453 0.038 0.011
0 0.108 0.455 0.036 0.014
0 0.135 0.347 0.092 0.015
0 0.182 0.269 0.188 0.015
4 0.528 0.030 0.868 0.016
0 0.892 0.092 0.124 0.022
0 0.215 0.170 0.337 0.046
1 0.073 0.089 0.034 0.027
5 0.261 0.269 0.435 0.060
5 0.740 0.269 0.435 0.060
5 0.500 0.346 0.914 0.060
5 0.501 0.531 0.915 0.060
5 0.673 0.453 0.568 0.060
5 0.196 0.453 0.304 0.060
0 0.185 0.406 0.262 0.012
0 0.437 0.621 0.787 0.038
3 0.500 0.928 0.916 0.060
