4 0.518 0.029 0.852 0.015
2 0.500 0.109 0.999 0.218
0 0.561 0.103 0.363 0.047
2 0.501 0.233 0.351 0.163
0 0.261 0.334 0.196 0.011
5 0.500 0.372 0.681 0.053
0 0.285 0.372 0.148 0.010
0 0.260 0.438 0.192 0.011
5 0.500 0.478 0.681 0.053
0 0.284 0.478 0.141 0.010
0 0.259 0.538 0.191 0.011
5 0.500 0.578 0.681 0.053
0 0.285 0.577 0.140 0.010
0 0.423 0.626 0.422 0.012
7 0.397 0.626 0.473 0.015
3 0.500 0.693 0.681 0.059
0 0.502 0.781 0.282 0.009
3 0.323 0.833 0.326 0.053
3 0.678 0.833 0.326 0.053
0 0.502 0.904 0.307 0.013
